$SPEC_ID:
No sample description was entered.
$SPEC_REM:
DET# 1
DETDESC# DELL-755-LAB2 MCB 337
AP# Maestro Version 7.01
$DATE_MEA:
05/15/2024 11:21:00
$MEAS_TIM:
299 326
$DATA:
0 8191
       0
       0
       0
       0
       0
       0
       0
       0
       0
       0
       0
       0
       0
       0
       0
       0
       0
       0
       0
       0
       0
       0
       0
       0
       0
       0
       0
       0
       0
       0
       0
       0
       0
       0
       0
       0
       0
       0
       0
       0
       0
       0
       0
       0
       0
       0
       0
       0
       0
       0
       0
       0
       0
       0
       0
       0
       0
       0
       0
       0
       0
       0
       0
       0
       0
       0
       0
       0
       0
       0
       0
       0
       0
       0
       0
       0
       0
       0
       0
       0
       0
       0
       0
       0
       0
       0
       0
       0
       0
       0
       0
       0
       0
       0
       0
       1
       0
       0
       0
       0
       0
       0
       0
       0
       0
       0
       0
       0
       0
       0
       0
       0
       0
       0
       0
       0
       0
       0
       0
       0
       0
       0
       0
       0
       0
       0
       0
       0
       0
       0
       0
       0
       0
       0
       0
       0
       0
       0
       0
       0
       0
       0
       0
       0
       0
       0
       0
       0
       0
       0
       0
       0
       0
       0
       0
       0
       0
       0
       0
       0
       0
       0
       0
       0
       0
       0
       0
       0
       0
       0
       0
       0
       0
       0
       0
       0
       0
       0
       0
       0
       0
       0
       0
       0
       1
       0
       0
       0
       0
       0
       0
       0
       0
       0
       3
       1
       9
      18
      23
      36
      47
      73
      80
      94
     110
     133
     152
     175
     184
     222
     224
     253
     240
     321
     247
     283
     324
     324
     351
     369
     362
     372
     363
     411
     429
     438
     460
     436
     468
     433
     477
     492
     482
     526
     531
     511
     549
     532
     586
     524
     579
     586
     550
     630
     551
     583
     637
     541
     589
     567
     591
     624
     603
     615
     545
     603
     645
     624
     591
     599
     630
     559
     576
     625
     606
     606
     611
     596
     549
     609
     594
     588
     579
     580
     607
     611
     598
     599
     633
     610
     611
     604
     666
     636
     602
     589
     612
     588
     621
     605
     586
     606
     572
     579
     579
     585
     587
     592
     622
     571
     647
     560
     586
     559
     623
     626
     610
     614
     614
     606
     613
     611
     579
     606
     561
     584
     581
     575
     579
     582
     581
     569
     629
     603
     586
     578
     594
     605
     645
     571
     594
     600
     565
     583
     593
     618
     585
     571
     586
     659
     584
     533
     578
     633
     605
     570
     561
     563
     614
     609
     587
     592
     588
     631
     604
     597
     629
     594
     644
     557
     589
     601
     591
     589
     595
     582
     594
     600
     591
     566
     614
     606
     582
     570
     584
     579
     599
     617
     645
     540
     529
     573
     607
     621
     620
     580
     623
     578
     561
     623
     600
     568
     605
     595
     590
     582
     584
     564
     620
     622
     571
     601
     616
     612
     602
     565
     608
     590
     553
     594
     606
     623
     576
     589
     595
     575
     594
     581
     578
     578
     574
     617
     563
     618
     582
     593
     626
     606
     556
     599
     583
     556
     585
     594
     559
     593
     583
     581
     566
     628
     579
     597
     607
     609
     562
     625
     536
     596
     620
     605
     601
     627
     588
     570
     561
     580
     558
     602
     568
     579
     615
     593
     581
     589
     629
     627
     563
     618
     581
     595
     598
     605
     592
     600
     638
     638
     568
     597
     624
     587
     581
     581
     613
     605
     564
     570
     575
     609
     619
     615
     557
     596
     550
     606
     624
     567
     650
     601
     587
     605
     608
     600
     565
     565
     590
     572
     622
     569
     578
     578
     610
     555
     600
     557
     602
     585
     554
     599
     623
     624
     577
     583
     585
     602
     602
     591
     593
     611
     571
     592
     613
     601
     592
     637
     616
     585
     609
     600
     580
     655
     610
     626
     583
     557
     589
     594
     596
     606
     622
     622
     613
     628
     622
     644
     545
     609
     592
     579
     597
     646
     579
     582
     618
     613
     632
     609
     595
     643
     587
     631
     592
     579
     661
     589
     620
     605
     657
     606
     590
     587
     580
     595
     616
     623
     616
     547
     651
     599
     627
     551
     627
     622
     602
     647
     609
     636
     606
     620
     593
     640
     698
     629
     646
     607
     606
     616
     587
     588
     616
     585
     579
     606
     622
     636
     635
     630
     550
     677
     570
     605
     604
     620
     652
     626
     594
     584
     650
     571
     620
     646
     597
     636
     632
     591
     656
     650
     667
     645
     584
     701
     653
     595
     623
     592
     628
     605
     676
     623
     630
     632
     656
     642
     630
     619
     611
     636
     656
     633
     648
     660
     600
     656
     661
     620
     626
     573
     573
     630
     634
     677
     655
     638
     639
     648
     666
     664
     649
     668
     603
     663
     674
     617
     623
     707
     623
     649
     678
     674
     625
     649
     662
     614
     664
     649
     658
     677
     623
     643
     682
     638
     657
     693
     661
     660
     682
     621
     678
     719
     697
     688
     720
     711
     687
     642
     631
     663
     688
     664
     705
     692
     671
     655
     744
     707
     671
     703
     739
     685
     698
     653
     748
     746
     766
     722
     712
     749
     705
     714
     688
     727
     713
     771
     705
     712
     726
     733
     735
     749
     724
     706
     724
     676
     701
     713
     732
     757
     758
     745
     721
     726
     748
     753
     725
     750
     751
     779
     769
     756
     761
     733
     746
     724
     745
     749
     743
     746
     740
     773
     747
     731
     761
     768
     750
     820
     755
     773
     791
     772
     795
     760
     850
     767
     731
     831
     732
     790
     766
     776
     774
     774
     795
     804
     798
     776
     748
     800
     760
     741
     779
     735
     761
     754
     832
     797
     825
     820
     818
     804
     762
     787
     829
     756
     772
     796
     762
     794
     783
     813
     724
     819
     753
     765
     776
     734
     809
     780
     750
     779
     820
     784
     829
     825
     841
     822
     812
     779
     803
     799
     793
     832
     784
     863
     800
     786
     786
     831
     796
     784
     825
     835
     818
     778
     793
     829
     832
     733
     846
     845
     812
     790
     781
     815
     797
     797
     790
     810
     817
     805
     814
     794
     807
     760
     777
     764
     790
     827
     779
     759
     786
     813
     792
     723
     800
     801
     779
     822
     805
     739
     808
     785
     866
     795
     779
     786
     740
     779
     771
     804
     844
     769
     769
     799
     727
     778
     862
     782
     825
     820
     754
     761
     802
     784
     768
     736
     798
     793
     769
     742
     777
     801
     803
     726
     782
     789
     743
     755
     766
     773
     720
     749
     799
     775
     753
     785
     767
     792
     820
     737
     773
     767
     795
     736
     739
     733
     766
     766
     750
     731
     710
     724
     766
     795
     729
     734
     732
     747
     741
     709
     730
     729
     774
     759
     720
     705
     746
     757
     746
     754
     720
     752
     726
     767
     724
     733
     719
     722
     698
     701
     721
     723
     750
     771
     748
     679
     665
     750
     749
     719
     681
     672
     717
     666
     747
     734
     719
     708
     758
     719
     668
     720
     702
     668
     716
     696
     743
     658
     712
     717
     714
     705
     699
     724
     729
     707
     670
     669
     665
     680
     657
     733
     693
     710
     664
     715
     696
     668
     698
     671
     695
     682
     709
     691
     677
     665
     736
     720
     709
     678
     681
     653
     696
     692
     692
     671
     704
     662
     650
     685
     663
     665
     668
     630
     672
     689
     668
     657
     655
     650
     659
     691
     702
     666
     683
     646
     644
     635
     668
     634
     660
     649
     659
     627
     676
     645
     636
     667
     665
     664
     650
     655
     607
     626
     656
     689
     620
     661
     622
     656
     683
     655
     616
     632
     675
     651
     603
     636
     599
     640
     663
     621
     640
     620
     634
     656
     649
     571
     691
     628
     675
     605
     704
     653
     594
     653
     623
     672
     649
     607
     615
     660
     628
     594
     605
     648
     600
     639
     664
     617
     591
     601
     641
     597
     610
     617
     668
     609
     640
     604
     627
     659
     641
     606
     609
     609
     644
     615
     640
     636
     628
     600
     629
     608
     594
     608
     552
     674
     582
     636
     652
     640
     610
     584
     586
     595
     595
     631
     619
     594
     623
     625
     583
     643
     612
     612
     674
     595
     594
     564
     579
     556
     614
     638
     622
     605
     583
     579
     619
     612
     589
     604
     570
     604
     648
     588
     585
     593
     631
     585
     615
     605
     616
     593
     570
     589
     592
     600
     567
     620
     553
     582
     543
     575
     585
     588
     603
     626
     603
     626
     556
     569
     575
     555
     584
     541
     584
     550
     563
     575
     517
     531
     582
     621
     603
     565
     593
     544
     621
     551
     567
     574
     553
     518
     564
     588
     569
     567
     561
     578
     562
     581
     606
     546
     603
     558
     588
     573
     532
     599
     511
     557
     608
     537
     579
     566
     596
     541
     583
     576
     573
     565
     536
     587
     505
     568
     581
     535
     565
     566
     544
     565
     530
     585
     526
     626
     572
     553
     534
     562
     527
     538
     557
     546
     578
     514
     573
     582
     526
     571
     542
     496
     511
     522
     531
     536
     554
     511
     526
     503
     579
     545
     547
     506
     499
     510
     525
     509
     562
     548
     528
     522
     543
     506
     515
     521
     546
     494
     491
     517
     519
     524
     537
     539
     559
     517
     497
     498
     562
     511
     516
     483
     589
     537
     543
     485
     540
     535
     517
     520
     541
     518
     514
     518
     496
     514
     537
     521
     537
     520
     511
     554
     489
     525
     490
     509
     476
     557
     494
     532
     481
     516
     500
     514
     510
     506
     495
     534
     567
     498
     538
     473
     484
     498
     511
     525
     543
     520
     506
     523
     531
     516
     520
     494
     544
     507
     471
     503
     480
     497
     518
     497
     480
     545
     496
     533
     500
     513
     499
     495
     437
     510
     453
     518
     520
     519
     447
     474
     508
     514
     484
     509
     502
     532
     520
     484
     509
     522
     518
     458
     492
     489
     481
     511
     536
     512
     465
     505
     462
     465
     476
     517
     495
     514
     513
     497
     491
     524
     464
     491
     485
     470
     467
     503
     467
     509
     479
     490
     488
     483
     463
     514
     548
     505
     473
     494
     493
     523
     476
     512
     482
     519
     480
     499
     474
     500
     514
     485
     430
     486
     497
     492
     515
     439
     466
     455
     499
     529
     490
     491
     450
     494
     494
     450
     490
     496
     509
     479
     483
     456
     486
     486
     458
     496
     499
     519
     494
     467
     438
     509
     470
     527
     480
     452
     438
     493
     449
     455
     456
     439
     517
     488
     452
     512
     498
     490
     495
     468
     498
     466
     491
     508
     505
     456
     480
     449
     493
     481
     496
     476
     494
     481
     475
     477
     450
     520
     479
     480
     488
     480
     466
     430
     461
     482
     435
     427
     488
     477
     460
     458
     509
     472
     491
     466
     492
     443
     447
     476
     489
     455
     468
     449
     506
     493
     533
     470
     477
     481
     471
     484
     489
     475
     471
     482
     444
     435
     431
     450
     464
     453
     463
     489
     480
     464
     488
     469
     454
     481
     471
     451
     451
     452
     442
     484
     501
     447
     448
     473
     450
     475
     471
     446
     475
     499
     436
     432
     493
     447
     490
     438
     440
     463
     429
     494
     501
     458
     459
     452
     465
     451
     475
     516
     424
     459
     461
     472
     461
     470
     475
     449
     504
     480
     489
     485
     471
     466
     465
     449
     415
     472
     461
     467
     501
     452
     456
     433
     490
     463
     455
     432
     421
     448
     457
     461
     484
     492
     466
     478
     474
     480
     451
     471
     459
     474
     494
     454
     450
     474
     463
     476
     439
     472
     461
     442
     440
     433
     503
     435
     499
     481
     476
     476
     433
     431
     473
     446
     471
     443
     472
     429
     449
     466
     457
     463
     460
     478
     528
     456
     451
     449
     414
     436
     450
     425
     453
     458
     472
     475
     452
     456
     442
     470
     430
     479
     449
     472
     421
     472
     471
     489
     467
     493
     435
     436
     442
     488
     429
     420
     458
     463
     464
     441
     438
     482
     431
     456
     470
     445
     456
     446
     462
     485
     435
     438
     478
     461
     456
     456
     441
     445
     463
     473
     396
     456
     442
     438
     461
     498
     465
     500
     479
     438
     484
     490
     443
     466
     450
     423
     424
     458
     447
     475
     492
     415
     478
     412
     417
     435
     484
     427
     443
     450
     464
     443
     463
     448
     446
     471
     415
     450
     441
     426
     471
     468
     474
     420
     451
     447
     496
     458
     426
     469
     447
     427
     470
     439
     496
     472
     452
     440
     423
     472
     467
     455
     430
     416
     456
     467
     470
     416
     458
     485
     411
     417
     460
     487
     474
     473
     448
     471
     439
     417
     459
     476
     420
     484
     435
     429
     478
     459
     443
     446
     462
     460
     483
     441
     461
     426
     467
     437
     452
     470
     476
     448
     430
     456
     444
     428
     483
     452
     451
     422
     419
     420
     437
     449
     473
     438
     455
     463
     417
     470
     426
     480
     463
     442
     470
     434
     460
     455
     471
     441
     449
     481
     471
     459
     425
     456
     413
     473
     490
     482
     444
     459
     454
     415
     487
     490
     470
     441
     448
     471
     415
     468
     431
     480
     446
     457
     443
     460
     426
     445
     479
     450
     440
     454
     415
     408
     469
     478
     413
     431
     426
     457
     458
     447
     455
     420
     462
     463
     449
     444
     491
     507
     427
     441
     470
     431
     460
     425
     435
     482
     473
     432
     426
     459
     453
     438
     392
     444
     417
     461
     476
     434
     456
     444
     448
     444
     433
     428
     445
     412
     459
     439
     453
     430
     456
     458
     484
     423
     475
     454
     454
     460
     439
     475
     430
     492
     455
     437
     440
     441
     413
     461
     471
     445
     464
     433
     440
     433
     441
     444
     471
     444
     487
     470
     489
     429
     445
     461
     480
     424
     432
     430
     457
     450
     426
     459
     427
     437
     474
     438
     486
     429
     457
     426
     430
     440
     470
     447
     471
     469
     425
     445
     448
     441
     427
     490
     405
     462
     416
     441
     461
     451
     449
     453
     447
     427
     446
     434
     467
     422
     447
     444
     427
     461
     427
     473
     454
     431
     449
     441
     429
     422
     440
     446
     468
     449
     426
     457
     484
     434
     450
     437
     473
     431
     448
     424
     463
     425
     457
     469
     462
     412
     476
     461
     441
     409
     399
     435
     456
     401
     462
     414
     450
     430
     458
     434
     436
     436
     457
     436
     438
     472
     439
     444
     441
     417
     440
     452
     458
     410
     453
     419
     441
     435
     455
     441
     448
     434
     408
     421
     427
     448
     455
     449
     445
     457
     460
     455
     433
     442
     463
     457
     448
     453
     446
     445
     450
     468
     415
     462
     436
     446
     408
     431
     439
     425
     428
     459
     464
     452
     425
     451
     464
     462
     456
     439
     415
     429
     477
     443
     453
     459
     459
     403
     440
     409
     473
     435
     456
     431
     440
     415
     446
     453
     421
     440
     412
     452
     445
     425
     420
     427
     490
     445
     428
     419
     452
     400
     458
     398
     426
     427
     471
     466
     423
     445
     428
     455
     414
     465
     436
     455
     447
     421
     445
     411
     449
     408
     434
     449
     439
     419
     402
     444
     478
     448
     431
     414
     461
     415
     400
     430
     417
     444
     448
     392
     457
     464
     432
     445
     445
     435
     439
     422
     458
     418
     457
     448
     437
     441
     450
     445
     445
     428
     449
     454
     416
     420
     435
     453
     432
     432
     426
     469
     446
     439
     473
     420
     462
     415
     447
     429
     438
     444
     469
     419
     451
     473
     458
     435
     438
     412
     444
     446
     449
     442
     457
     452
     426
     427
     455
     405
     424
     447
     466
     454
     462
     442
     440
     427
     461
     420
     428
     431
     452
     420
     445
     443
     426
     435
     455
     394
     456
     456
     405
     429
     436
     418
     404
     442
     452
     475
     401
     410
     417
     468
     431
     412
     413
     461
     430
     429
     431
     419
     431
     460
     413
     424
     469
     438
     429
     429
     471
     464
     450
     452
     403
     457
     438
     425
     441
     394
     454
     432
     408
     418
     460
     399
     392
     462
     443
     433
     425
     414
     427
     442
     408
     465
     449
     437
     428
     447
     473
     426
     397
     462
     391
     437
     437
     428
     422
     453
     449
     434
     439
     438
     422
     461
     429
     417
     451
     414
     419
     417
     441
     398
     429
     452
     418
     425
     403
     426
     413
     413
     426
     466
     435
     445
     430
     443
     439
     405
     456
     427
     457
     452
     405
     416
     435
     467
     433
     416
     409
     425
     402
     443
     413
     456
     440
     429
     440
     433
     429
     445
     447
     459
     436
     465
     408
     429
     452
     418
     482
     431
     458
     454
     434
     412
     399
     431
     449
     447
     441
     424
     455
     430
     421
     419
     430
     451
     435
     439
     429
     450
     426
     424
     447
     447
     433
     404
     424
     410
     424
     459
     410
     399
     448
     406
     415
     459
     440
     430
     423
     473
     412
     420
     416
     410
     447
     412
     403
     468
     436
     441
     479
     438
     443
     465
     445
     469
     410
     449
     407
     414
     456
     436
     420
     460
     435
     437
     437
     434
     446
     452
     440
     452
     417
     411
     419
     444
     440
     452
     422
     416
     430
     476
     424
     422
     460
     455
     427
     396
     380
     437
     432
     440
     406
     440
     408
     429
     432
     398
     445
     466
     442
     448
     412
     420
     420
     461
     435
     416
     392
     474
     429
     453
     432
     408
     404
     434
     417
     396
     452
     405
     426
     397
     421
     448
     445
     457
     456
     431
     449
     444
     451
     453
     410
     411
     406
     432
     433
     439
     434
     443
     434
     455
     446
     449
     422
     468
     402
     440
     408
     465
     425
     471
     448
     408
     456
     413
     454
     442
     418
     431
     428
     486
     461
     418
     450
     440
     444
     405
     441
     396
     402
     426
     451
     468
     504
     455
     391
     484
     458
     452
     423
     439
     427
     444
     413
     421
     400
     424
     433
     437
     417
     448
     465
     451
     427
     452
     445
     397
     383
     450
     423
     446
     436
     425
     414
     453
     479
     451
     469
     469
     485
     443
     461
     447
     410
     469
     432
     430
     427
     473
     459
     438
     422
     440
     401
     427
     397
     445
     467
     441
     416
     415
     424
     424
     419
     434
     422
     412
     433
     418
     456
     437
     444
     426
     449
     431
     450
     461
     432
     468
     417
     390
     464
     454
     441
     408
     392
     455
     415
     466
     471
     404
     473
     452
     428
     457
     421
     430
     448
     463
     429
     460
     427
     427
     461
     414
     432
     439
     461
     410
     457
     436
     439
     452
     413
     414
     410
     447
     466
     472
     468
     433
     413
     443
     489
     426
     417
     422
     436
     422
     432
     451
     450
     491
     446
     460
     440
     454
     461
     430
     428
     454
     447
     429
     424
     459
     435
     420
     440
     426
     450
     449
     452
     470
     465
     475
     423
     439
     447
     448
     440
     472
     435
     451
     474
     408
     433
     446
     453
     461
     450
     430
     436
     424
     434
     450
     436
     449
     440
     403
     462
     444
     432
     447
     434
     473
     431
     468
     434
     484
     460
     463
     454
     469
     463
     454
     447
     456
     422
     447
     458
     425
     447
     404
     429
     452
     459
     445
     435
     433
     410
     428
     416
     460
     447
     410
     438
     436
     460
     414
     469
     453
     462
     450
     438
     449
     454
     468
     438
     446
     461
     442
     434
     450
     437
     437
     436
     423
     473
     449
     440
     444
     447
     426
     457
     463
     430
     476
     472
     481
     428
     457
     476
     456
     457
     431
     430
     429
     479
     423
     463
     449
     437
     428
     438
     445
     458
     432
     441
     399
     444
     470
     441
     481
     446
     456
     404
     468
     455
     441
     437
     454
     458
     444
     471
     470
     448
     449
     432
     445
     444
     444
     431
     435
     458
     468
     436
     456
     441
     444
     408
     473
     453
     465
     471
     442
     451
     464
     406
     426
     472
     443
     429
     474
     477
     474
     431
     434
     457
     441
     425
     449
     483
     462
     431
     437
     445
     470
     449
     453
     450
     464
     478
     454
     442
     422
     429
     449
     439
     478
     435
     451
     479
     436
     454
     455
     463
     457
     436
     425
     464
     463
     439
     484
     483
     456
     440
     452
     468
     450
     458
     458
     484
     458
     430
     467
     452
     488
     473
     442
     469
     506
     474
     425
     449
     493
     429
     432
     436
     462
     444
     440
     432
     454
     497
     457
     460
     440
     435
     508
     446
     444
     438
     450
     478
     490
     460
     451
     498
     450
     491
     460
     454
     438
     444
     470
     484
     469
     457
     424
     480
     435
     465
     465
     440
     448
     460
     400
     400
     466
     473
     472
     497
     502
     476
     459
     477
     452
     431
     462
     472
     434
     427
     509
     453
     465
     477
     454
     460
     428
     471
     484
     428
     449
     433
     491
     477
     442
     453
     446
     474
     462
     442
     513
     464
     475
     485
     486
     467
     494
     473
     463
     486
     467
     456
     470
     465
     481
     413
     476
     431
     469
     412
     481
     500
     461
     483
     466
     461
     485
     478
     466
     510
     483
     530
     453
     463
     516
     471
     467
     466
     460
     464
     473
     496
     447
     444
     453
     491
     461
     474
     473
     460
     476
     475
     490
     462
     422
     488
     441
     455
     480
     499
     489
     484
     489
     451
     459
     501
     450
     470
     459
     478
     485
     467
     531
     476
     445
     474
     468
     492
     476
     473
     508
     462
     441
     451
     449
     504
     492
     463
     482
     470
     487
     478
     490
     461
     479
     515
     522
     441
     473
     481
     465
     465
     478
     462
     477
     487
     460
     461
     471
     487
     463
     443
     453
     505
     480
     507
     495
     513
     499
     493
     469
     490
     463
     483
     460
     476
     524
     488
     498
     448
     474
     493
     486
     474
     508
     476
     477
     445
     530
     490
     449
     478
     458
     518
     488
     457
     486
     487
     421
     479
     479
     473
     487
     486
     466
     489
     453
     509
     450
     477
     481
     535
     471
     455
     497
     534
     509
     521
     494
     520
     470
     460
     476
     443
     509
     500
     511
     494
     496
     510
     495
     497
     482
     500
     496
     513
     536
     488
     493
     489
     500
     523
     467
     501
     518
     457
     520
     536
     495
     481
     477
     499
     515
     492
     493
     482
     514
     505
     498
     505
     483
     491
     485
     498
     497
     500
     492
     499
     471
     465
     476
     500
     516
     483
     495
     482
     506
     496
     478
     474
     526
     501
     506
     498
     465
     517
     476
     482
     503
     567
     544
     502
     525
     499
     507
     482
     527
     536
     460
     486
     494
     494
     518
     519
     473
     518
     485
     474
     486
     494
     511
     487
     510
     508
     529
     513
     499
     478
     474
     505
     506
     513
     482
     488
     528
     463
     517
     459
     508
     491
     510
     514
     482
     501
     514
     513
     451
     483
     486
     483
     490
     500
     527
     510
     516
     501
     503
     494
     492
     527
     476
     507
     515
     533
     513
     522
     463
     461
     507
     516
     486
     502
     511
     518
     492
     483
     505
     515
     469
     512
     527
     506
     518
     488
     474
     518
     539
     464
     505
     516
     511
     526
     521
     511
     531
     543
     520
     483
     479
     548
     530
     505
     517
     510
     532
     494
     535
     544
     500
     508
     487
     522
     511
     529
     524
     498
     485
     552
     494
     537
     506
     521
     540
     550
     500
     503
     515
     521
     473
     487
     515
     523
     509
     545
     512
     527
     499
     515
     470
     518
     515
     494
     496
     463
     528
     504
     550
     535
     503
     519
     527
     493
     506
     515
     491
     524
     528
     487
     536
     530
     507
     481
     513
     521
     542
     526
     533
     511
     481
     547
     531
     552
     538
     538
     515
     523
     540
     507
     522
     491
     487
     493
     500
     563
     512
     542
     513
     547
     518
     497
     480
     508
     540
     498
     524
     527
     497
     500
     511
     530
     511
     561
     506
     517
     498
     473
     532
     521
     514
     548
     473
     554
     493
     540
     551
     511
     514
     509
     535
     494
     511
     563
     529
     477
     487
     534
     509
     526
     531
     556
     513
     520
     525
     515
     506
     533
     536
     548
     504
     537
     477
     562
     497
     552
     516
     516
     539
     484
     480
     528
     521
     539
     533
     482
     503
     515
     499
     519
     523
     484
     527
     545
     540
     500
     562
     496
     513
     532
     467
     489
     514
     541
     522
     510
     533
     497
     539
     486
     504
     529
     500
     553
     534
     504
     524
     508
     495
     467
     500
     540
     561
     534
     516
     524
     554
     576
     553
     485
     521
     530
     506
     506
     507
     496
     481
     528
     562
     536
     546
     511
     494
     508
     537
     519
     548
     508
     514
     552
     486
     535
     529
     490
     503
     495
     539
     504
     512
     502
     507
     505
     531
     550
     494
     471
     524
     507
     484
     512
     490
     486
     498
     500
     561
     536
     495
     471
     489
     548
     551
     485
     475
     477
     457
     496
     507
     546
     528
     510
     473
     505
     493
     503
     516
     501
     524
     475
     500
     547
     516
     521
     515
     515
     500
     491
     533
     537
     515
     469
     462
     536
     497
     490
     508
     468
     504
     490
     480
     507
     541
     500
     505
     503
     511
     508
     544
     534
     477
     518
     468
     508
     484
     486
     500
     501
     503
     478
     535
     494
     506
     520
     449
     491
     507
     500
     469
     475
     505
     504
     495
     476
     472
     477
     471
     487
     485
     504
     482
     469
     455
     490
     525
     483
     457
     464
     498
     474
     474
     496
     493
     453
     475
     504
     503
     467
     497
     471
     481
     456
     471
     489
     490
     471
     451
     492
     469
     468
     495
     457
     479
     452
     486
     444
     505
     465
     490
     478
     455
     492
     479
     492
     519
     443
     447
     445
     489
     440
     450
     436
     462
     453
     455
     448
     475
     431
     462
     489
     464
     466
     462
     448
     453
     467
     478
     478
     487
     482
     455
     425
     434
     441
     486
     470
     473
     456
     482
     475
     433
     482
     453
     472
     435
     483
     428
     464
     424
     467
     425
     480
     472
     457
     478
     461
     441
     443
     441
     460
     468
     464
     457
     462
     462
     484
     458
     481
     453
     454
     430
     458
     443
     439
     462
     459
     454
     499
     474
     464
     449
     484
     439
     432
     422
     416
     442
     422
     421
     420
     445
     429
     430
     435
     481
     460
     431
     437
     435
     466
     448
     459
     472
     423
     442
     430
     477
     409
     457
     446
     475
     405
     405
     451
     440
     444
     419
     424
     441
     418
     460
     414
     459
     465
     460
     456
     451
     434
     401
     420
     461
     464
     429
     421
     430
     419
     421
     446
     406
     442
     423
     434
     435
     427
     453
     414
     415
     405
     426
     423
     412
     432
     416
     411
     450
     417
     431
     422
     437
     405
     418
     403
     421
     412
     402
     419
     392
     410
     407
     420
     410
     387
     432
     417
     413
     443
     388
     424
     397
     421
     426
     422
     440
     378
     410
     389
     463
     456
     387
     426
     376
     395
     420
     422
     418
     384
     397
     437
     414
     428
     368
     428
     437
     399
     386
     421
     426
     383
     435
     411
     444
     398
     416
     429
     435
     381
     414
     404
     414
     415
     419
     409
     398
     413
     441
     436
     405
     442
     392
     434
     390
     387
     393
     426
     421
     412
     402
     427
     407
     401
     388
     403
     386
     389
     442
     344
     377
     391
     373
     366
     411
     377
     381
     385
     378
     416
     397
     372
     439
     396
     409
     388
     405
     388
     397
     368
     398
     409
     404
     381
     374
     417
     437
     390
     401
     388
     427
     413
     428
     403
     389
     400
     408
     445
     434
     402
     380
     386
     404
     412
     418
     379
     410
     382
     415
     435
     390
     385
     366
     402
     386
     407
     412
     389
     377
     379
     389
     380
     405
     401
     377
     421
     401
     391
     368
     406
     382
     386
     424
     404
     422
     408
     365
     347
     385
     393
     383
     387
     407
     373
     376
     409
     404
     414
     326
     392
     385
     390
     392
     381
     401
     359
     394
     395
     384
     385
     379
     401
     410
     358
     367
     390
     379
     378
     414
     382
     346
     410
     381
     360
     378
     413
     377
     413
     390
     400
     376
     375
     415
     430
     381
     374
     419
     374
     349
     365
     384
     420
     396
     394
     354
     398
     402
     395
     418
     392
     375
     421
     411
     351
     393
     364
     374
     372
     365
     403
     378
     376
     401
     418
     411
     359
     388
     401
     393
     403
     421
     340
     397
     415
     375
     402
     415
     387
     384
     415
     416
     400
     395
     392
     388
     406
     368
     385
     410
     394
     407
     422
     405
     362
     395
     427
     433
     388
     398
     387
     357
     376
     394
     406
     449
     389
     399
     398
     400
     389
     409
     441
     382
     391
     392
     425
     394
     384
     444
     452
     414
     431
     394
     397
     396
     404
     410
     406
     395
     404
     458
     435
     425
     404
     406
     357
     398
     392
     384
     431
     426
     426
     417
     397
     418
     436
     362
     411
     399
     394
     418
     402
     410
     398
     437
     456
     426
     420
     416
     410
     411
     434
     396
     422
     429
     397
     388
     390
     419
     433
     426
     392
     411
     405
     396
     436
     432
     420
     388
     395
     432
     388
     434
     451
     409
     460
     421
     462
     460
     427
     405
     442
     425
     443
     437
     402
     429
     428
     434
     427
     406
     459
     397
     431
     484
     428
     427
     434
     430
     425
     456
     437
     413
     432
     411
     438
     422
     417
     493
     451
     434
     436
     427
     481
     428
     436
     427
     442
     451
     473
     449
     453
     477
     445
     454
     434
     447
     423
     462
     451
     403
     453
     409
     450
     482
     437
     446
     460
     443
     462
     454
     469
     424
     477
     476
     435
     426
     426
     433
     431
     496
     430
     449
     456
     465
     433
     473
     487
     441
     492
     437
     476
     463
     449
     442
     497
     450
     437
     474
     442
     460
     481
     512
     456
     447
     475
     453
     466
     468
     441
     446
     466
     500
     468
     458
     452
     442
     457
     492
     501
     479
     441
     474
     526
     505
     458
     475
     483
     505
     480
     456
     498
     523
     512
     477
     490
     447
     482
     467
     467
     475
     529
     458
     488
     505
     485
     477
     484
     507
     515
     535
     501
     486
     501
     511
     501
     525
     529
     522
     579
     504
     511
     485
     488
     500
     508
     505
     481
     472
     487
     503
     515
     528
     550
     513
     525
     515
     529
     515
     477
     490
     502
     489
     484
     520
     543
     486
     496
     525
     502
     508
     515
     553
     475
     557
     539
     560
     567
     507
     519
     490
     505
     521
     547
     534
     510
     545
     511
     564
     543
     518
     562
     535
     499
     583
     576
     543
     573
     501
     554
     538
     530
     540
     509
     524
     536
     519
     513
     563
     558
     523
     505
     550
     531
     520
     537
     545
     568
     573
     547
     503
     538
     572
     577
     547
     520
     544
     591
     543
     563
     589
     548
     570
     531
     574
     587
     573
     562
     557
     541
     576
     563
     556
     580
     551
     537
     562
     543
     567
     559
     551
     558
     557
     536
     522
     569
     577
     595
     544
     575
     572
     597
     559
     587
     569
     558
     534
     600
     577
     585
     588
     572
     542
     541
     562
     564
     583
     598
     618
     584
     565
     551
     614
     587
     616
     598
     583
     573
     588
     575
     621
     609
     567
     564
     589
     572
     638
     594
     576
     584
     580
     596
     549
     591
     578
     606
     590
     539
     565
     549
     556
     579
     565
     577
     591
     548
     616
     620
     618
     604
     562
     596
     622
     578
     590
     588
     597
     535
     595
     573
     540
     597
     580
     576
     594
     542
     610
     618
     604
     568
     584
     589
     596
     566
     572
     623
     580
     561
     629
     571
     516
     598
     570
     593
     599
     612
     599
     592
     601
     549
     582
     555
     614
     592
     589
     651
     615
     565
     556
     583
     628
     606
     572
     613
     612
     587
     576
     643
     585
     598
     590
     554
     588
     563
     572
     562
     561
     578
     543
     622
     553
     545
     568
     599
     586
     565
     593
     569
     593
     599
     595
     578
     594
     556
     573
     559
     603
     517
     606
     620
     555
     621
     587
     584
     553
     601
     584
     576
     571
     601
     560
     604
     616
     583
     595
     544
     561
     542
     591
     584
     567
     599
     599
     511
     563
     588
     551
     597
     561
     618
     542
     583
     604
     560
     561
     611
     584
     563
     573
     568
     566
     599
     556
     593
     536
     599
     561
     606
     581
     604
     591
     583
     586
     543
     521
     515
     590
     604
     605
     595
     526
     581
     546
     565
     553
     619
     566
     541
     557
     626
     575
     576
     529
     569
     551
     588
     563
     558
     553
     543
     539
     568
     602
     544
     529
     598
     552
     512
     591
     578
     571
     538
     497
     564
     552
     572
     559
     597
     533
     548
     569
     531
     553
     490
     539
     567
     541
     547
     541
     561
     574
     558
     527
     534
     523
     545
     507
     555
     534
     531
     564
     539
     582
     519
     562
     570
     588
     560
     509
     528
     503
     569
     517
     508
     533
     559
     565
     517
     538
     511
     536
     582
     548
     502
     543
     615
     551
     571
     536
     546
     538
     518
     526
     541
     530
     521
     516
     527
     535
     564
     552
     522
     559
     511
     512
     509
     522
     516
     583
     564
     585
     497
     539
     553
     505
     519
     555
     535
     541
     546
     514
     495
     516
     510
     526
     520
     515
     537
     495
     524
     531
     545
     530
     535
     515
     488
     517
     485
     536
     477
     523
     496
     492
     482
     512
     515
     515
     499
     540
     557
     474
     481
     470
     511
     453
     531
     497
     513
     528
     529
     482
     511
     503
     501
     545
     497
     484
     549
     530
     502
     488
     492
     510
     510
     477
     486
     536
     521
     502
     498
     511
     470
     507
     546
     510
     494
     471
     531
     494
     509
     487
     457
     508
     509
     511
     478
     469
     465
     468
     485
     488
     496
     467
     483
     530
     500
     491
     502
     463
     487
     489
     487
     503
     449
     485
     491
     490
     507
     476
     481
     453
     515
     487
     492
     515
     461
     485
     475
     474
     469
     465
     519
     512
     507
     517
     465
     475
     484
     504
     448
     505
     485
     516
     490
     461
     510
     484
     499
     460
     497
     480
     452
     491
     484
     456
     505
     460
     493
     452
     498
     492
     487
     475
     487
     512
     521
     474
     503
     487
     464
     487
     518
     486
     429
     425
     481
     484
     469
     480
     486
     487
     523
     482
     507
     460
     485
     463
     476
     469
     452
     477
     445
     456
     483
     478
     469
     439
     455
     465
     441
     482
     461
     498
     469
     515
     480
     479
     434
     462
     428
     469
     463
     495
     430
     462
     464
     489
     452
     454
     461
     502
     459
     431
     462
     493
     470
     469
     480
     487
     441
     441
     515
     483
     433
     476
     494
     439
     444
     443
     475
     458
     471
     428
     465
     466
     437
     438
     457
     440
     463
     449
     494
     516
     441
     452
     479
     504
     440
     445
     432
     479
     454
     509
     474
     452
     469
     476
     474
     449
     493
     471
     457
     487
     454
     461
     454
     453
     449
     482
     467
     488
     440
     443
     484
     423
     466
     465
     440
     454
     424
     421
     458
     435
     455
     463
     415
     484
     466
     452
     468
     439
     461
     433
     435
     470
     490
     478
     454
     436
     518
     475
     480
     491
     479
     468
     434
     473
     431
     480
     460
     450
     454
     405
     487
     441
     467
     502
     451
     456
     452
     469
     470
     423
     460
     447
     461
     422
     428
     463
     464
     431
     407
     399
     416
     465
     449
     453
     451
     448
     426
     430
     465
     453
     449
     441
     442
     416
     475
     467
     481
     437
     454
     464
     428
     427
     466
     459
     447
     451
     461
     442
     455
     431
     451
     475
     420
     436
     458
     476
     442
     453
     439
     417
     480
     452
     454
     463
     456
     422
     447
     436
     448
     411
     439
     459
     413
     472
     400
     448
     443
     421
     439
     436
     456
     471
     444
     426
     493
     444
     495
     446
     421
     481
     442
     403
     409
     463
     405
     469
     407
     452
     448
     470
     458
     459
     445
     421
     409
     420
     445
     411
     455
     447
     413
     408
     453
     440
     477
     426
     420
     420
     457
     462
     413
     478
     433
     419
     417
     399
     413
     432
     440
     450
     422
     449
     408
     437
     420
     410
     427
     441
     403
     436
     436
     382
     426
     391
     411
     406
     435
     377
     430
     445
     409
     420
     424
     441
     408
     392
     410
     418
     451
     374
     408
     410
     408
     415
     399
     369
     424
     430
     404
     421
     387
     418
     419
     404
     413
     409
     408
     399
     400
     406
     396
     364
     430
     408
     446
     407
     414
     418
     408
     362
     406
     376
     378
     415
     377
     391
     421
     403
     377
     411
     383
     404
     358
     397
     395
     423
     420
     388
     440
     363
     392
     403
     359
     360
     417
     394
     377
     378
     396
     377
     391
     384
     385
     404
     393
     402
     386
     395
     390
     361
     384
     421
     401
     412
     386
     408
     352
     384
     358
     372
     381
     326
     389
     368
     339
     343
     333
     368
     358
     378
     363
     375
     355
     346
     361
     368
     332
     390
     372
     377
     373
     348
     348
     354
     346
     372
     345
     365
     346
     392
     349
     349
     330
     340
     357
     392
     365
     351
     353
     370
     336
     316
     373
     336
     345
     357
     359
     350
     363
     365
     345
     332
     356
     369
     332
     349
     335
     313
     329
     337
     327
     324
     308
     318
     353
     318
     345
     329
     365
     340
     313
     347
     347
     306
     369
     331
     312
     326
     321
     329
     294
     331
     311
     325
     327
     335
     313
     300
     292
     312
     319
     327
     321
     320
     296
     313
     310
     287
     344
     310
     311
     307
     295
     313
     281
     317
     314
     322
     335
     326
     319
     304
     306
     288
     290
     316
     294
     309
     280
     318
     311
     309
     278
     316
     285
     321
     305
     281
     289
     279
     281
     303
     291
     287
     280
     297
     313
     266
     295
     315
     291
     289
     306
     281
     288
     291
     299
     290
     314
     267
     281
     279
     275
     280
     247
     289
     281
     272
     272
     287
     290
     276
     296
     278
     313
     268
     303
     259
     294
     250
     257
     288
     272
     283
     254
     266
     266
     273
     260
     274
     277
     279
     278
     248
     239
     271
     278
     269
     237
     283
     257
     257
     250
     269
     252
     280
     250
     272
     217
     268
     253
     268
     243
     246
     245
     264
     246
     243
     245
     234
     219
     256
     234
     246
     241
     262
     251
     259
     245
     239
     235
     234
     225
     214
     201
     264
     233
     235
     239
     230
     216
     262
     208
     224
     224
     218
     223
     234
     248
     238
     217
     255
     226
     223
     222
     205
     222
     235
     245
     213
     219
     214
     215
     201
     197
     222
     197
     223
     205
     208
     223
     231
     216
     212
     201
     222
     203
     220
     204
     207
     208
     194
     218
     215
     199
     194
     212
     208
     211
     187
     212
     196
     184
     173
     179
     193
     203
     186
     206
     206
     195
     200
     207
     184
     201
     210
     178
     201
     181
     218
     188
     158
     180
     179
     225
     183
     199
     198
     209
     213
     178
     177
     168
     177
     169
     181
     175
     177
     198
     184
     158
     173
     166
     166
     204
     184
     176
     173
     166
     183
     191
     168
     173
     174
     172
     175
     188
     173
     183
     163
     175
     171
     173
     169
     192
     162
     161
     177
     169
     165
     166
     178
     162
     152
     154
     150
     126
     178
     181
     154
     152
     132
     164
     163
     166
     148
     158
     163
     153
     150
     142
     149
     162
     141
     145
     124
     137
     142
     159
     150
     125
     135
     128
     155
     148
     127
     141
     145
     137
     143
     123
     145
     146
     121
     154
     131
     155
     146
     162
     145
     146
     108
     128
     138
     139
     119
     128
     132
     133
     123
     142
     134
     137
     132
     130
     122
     136
     136
     126
     135
     151
     110
     126
     104
     127
     121
     133
     131
     154
     132
     121
     102
     122
     138
     125
      92
     137
     122
     116
     102
     135
     107
     117
     145
     120
     105
     103
      90
     116
     122
     120
     113
     112
     104
      87
     119
     133
     115
     102
      90
     108
      95
     114
     113
     113
     114
     122
     106
     112
     102
     113
     103
     112
     107
     116
     111
     108
     101
      97
     108
     104
     103
     108
      89
     101
     119
     104
     102
     102
      94
      94
     113
      90
     100
      83
     108
      96
      85
     108
      88
      97
      86
      83
      95
      84
      96
      90
     108
     107
     102
     110
      88
      88
      98
      80
      65
      94
      84
     106
      82
      67
      81
      74
      67
      80
      88
      83
      82
      67
      73
      75
      78
      92
      71
      79
     100
      74
      67
      90
      75
      84
      70
      71
      78
      83
      87
      91
      69
      63
      91
      69
      56
      72
      75
      79
      83
      69
      56
      73
      82
      67
      67
      64
      79
      74
      77
      62
      79
      67
      73
      69
      50
      71
      87
      72
      66
      77
      66
      53
      65
      71
      67
      68
      62
      61
      59
      61
      52
      66
      65
      72
      71
      55
      63
      52
      57
      77
      64
      68
      54
      62
      65
      81
      48
      73
      63
      56
      65
      71
      48
      60
      43
      59
      67
      55
      63
      51
      54
      51
      57
      38
      63
      52
      51
      42
      58
      41
      47
      51
      66
      47
      52
      49
      46
      52
      48
      59
      56
      50
      37
      52
      48
      41
      47
      55
      38
      50
      55
      49
      60
      41
      51
      53
      51
      55
      55
      46
      38
      51
      45
      50
      40
      43
      56
      45
      52
      54
      48
      48
      42
      36
      41
      50
      58
      50
      36
      41
      36
      40
      51
      43
      41
      43
      33
      50
      37
      38
      43
      49
      35
      35
      37
      37
      53
      44
      39
      28
      37
      40
      48
      39
      41
      33
      39
      39
      45
      32
      36
      36
      41
      37
      47
      34
      37
      30
      29
      35
      34
      32
      39
      26
      38
      20
      43
      32
      30
      27
      20
      31
      28
      36
      33
      38
      49
      29
      38
      25
      28
      29
      30
      27
      38
      27
      23
      32
      35
      29
      35
      23
      32
      24
      35
      29
      33
      35
      22
      21
      26
      28
      21
      21
      28
      26
      28
      23
      29
      17
      33
      25
      27
      35
      30
      30
      43
      27
      21
      24
      28
      31
      22
      28
      28
      22
      29
      20
      24
      22
      22
      19
      33
      26
      27
      23
      25
      17
      21
      24
      23
      33
      24
      26
      24
      24
      23
      20
      25
      29
      25
      18
      14
      20
      26
      15
      16
      21
      15
      22
      24
      16
      22
      21
      23
      25
      20
      25
      31
      21
      27
      22
      13
      27
      17
      20
      20
      11
      17
      16
      19
      21
      21
      14
      14
      20
      23
      25
      14
      18
      21
      16
      22
      18
      14
      17
      20
      13
      25
      15
      20
      21
      19
      16
      15
      13
      18
      11
      24
      21
      18
      15
      21
      15
      11
      13
      10
      22
      25
      14
      29
      10
      17
      14
      16
      19
      23
      20
      15
      14
      14
      13
      12
      11
      12
      17
      20
      17
      17
      17
      13
      18
      14
      18
      15
      22
      17
      16
      15
      15
      17
      21
      12
      24
       8
      17
      14
      13
      16
      13
      12
       8
      18
      12
      12
      14
       8
      11
      23
      10
      17
      10
       9
      13
      10
      17
      19
       9
       9
      10
      16
       8
      15
      12
      11
      14
      19
      15
      16
      15
       7
      14
      16
       7
      18
      13
       7
       8
      14
      17
      18
       7
      12
      13
      11
       8
      14
       9
      13
      14
       8
      11
      19
      10
       9
      14
      11
      13
       8
      14
      16
      14
      13
      14
       9
      16
       4
       9
      11
      11
      12
      18
      13
       7
       6
      17
      12
       9
      13
      13
      12
      11
      18
      11
       8
      11
      11
       7
      13
       8
      11
      14
      14
      13
      13
      12
      10
       7
       8
       8
       8
      12
       8
      13
      11
      12
       6
      13
      15
      19
      13
       9
      11
      11
       7
      10
      12
      10
      11
       7
       8
      10
       9
       5
       9
      10
      10
       6
      17
      13
       9
       5
       7
      11
      11
       6
       9
      11
      10
       7
      14
      11
      11
      15
       5
       6
      16
       9
       9
      11
      14
       4
      10
      10
       7
       7
       9
      12
       7
       3
      12
      14
       7
       6
       4
       9
       9
      11
      11
       7
       8
       7
       7
      13
       8
       6
      19
       6
       5
      20
       7
       6
      10
       6
      10
       8
       8
       9
       7
      12
       9
      11
       6
      10
       6
       7
      13
       5
       8
       9
      10
      12
       9
      10
      19
      11
       7
       9
      12
      14
       7
      11
      10
       8
       6
       6
       9
       8
      10
      10
       8
       8
       7
       4
       8
       4
       6
       6
       6
       8
       5
       9
       4
      11
       4
       6
       5
      11
       5
      11
      15
      16
      11
       6
       6
       7
       9
       7
       7
      12
       8
      10
       7
      16
       6
       3
       6
       6
       7
       4
       7
      10
      10
       7
       9
       6
      12
       7
       7
       4
       6
       6
       7
       4
       7
       5
       9
      11
       8
       5
      11
      12
       9
       9
      14
      10
       7
      14
       7
      15
       7
      11
       5
       4
       5
      10
       7
       6
       3
       3
       8
      10
      12
       5
       9
       9
      10
       7
       9
       9
       6
       6
       4
       7
       4
       5
      10
       8
      11
       9
       5
       5
       6
       6
       7
       7
       5
       4
       9
       2
      10
       4
       9
       8
       7
       7
       5
       5
       7
      12
       5
       6
       6
       6
       9
       5
       3
      10
       8
       6
      12
       4
       6
       7
       9
       7
       8
       5
       4
       4
       9
       6
       6
       8
       4
       6
       8
       9
       5
       6
       6
      10
       6
       8
       6
      13
       6
       9
       7
      10
       5
       5
       6
       7
       6
       7
      11
      11
       8
       6
       3
       8
       5
       8
       9
      10
       5
      11
       4
       8
       8
       5
       5
       7
       7
       5
      13
       7
       5
       8
       6
      10
       7
      10
       8
       5
       7
      16
       4
       9
       7
       6
       6
       4
       6
       8
       8
      10
       5
       7
      12
       6
       5
       8
       6
       5
      11
       9
       7
       4
       8
       4
       5
       8
       8
       8
       6
       4
       5
       5
       8
       6
       9
       9
       8
       6
       6
       8
       7
      10
      12
       6
       3
       5
       4
       7
       9
       6
       9
       9
      10
       5
       8
       5
       8
       9
       6
       4
       8
       5
       7
       5
       8
       4
      14
       9
       6
       4
       9
       6
       4
       7
       8
       5
       7
       8
       4
       3
       3
       6
       1
       6
      11
       9
       9
       7
       6
       7
       9
       4
       8
       6
       8
       5
       5
       4
       4
       7
      11
       9
       1
       8
       6
      10
       4
       5
       3
       7
      12
       8
       8
       9
       4
       5
      10
       2
       1
       1
       3
       5
       7
       5
       6
       7
      10
       4
       8
       3
      10
       3
       8
       5
       5
       7
       6
       5
       3
      10
       2
       3
       8
       8
       7
       6
       4
       5
      10
       7
       5
       6
       7
       5
       5
      14
       9
       2
      10
       6
       4
      10
       5
       1
       5
       4
       6
       6
       9
       9
       5
       8
       4
      10
       9
       5
       5
       8
       3
       4
       7
       6
       3
       4
       6
      10
       6
      11
       5
       3
       5
       6
       6
       8
       4
       6
       9
      15
       7
       7
       7
       7
       8
       6
       3
      10
       4
       9
       8
      10
       4
       8
       1
      10
      11
       6
       7
       6
       6
       9
       7
       3
       7
       5
      12
       7
       9
       9
       8
       3
       7
       4
       6
       8
       5
       5
       5
       5
       5
       3
       8
       3
       3
       3
       4
       4
       9
       7
      11
       4
       6
       9
       6
      10
       7
       6
       5
      11
       6
       8
       8
       7
       4
       8
       5
       8
       4
       8
      12
       7
       2
       6
       8
       7
       4
       5
       8
       8
       5
       6
       6
       9
       6
       5
       4
       4
       8
       8
       6
       9
       8
       7
       7
       8
       5
       6
       4
       9
      10
       5
       9
       6
       9
       8
       5
      10
       3
      10
       5
       5
       4
       3
       5
       6
       1
      10
       4
       1
       5
       8
       9
       9
       9
       4
       2
       3
      14
       6
      10
       8
       9
       8
       8
       4
       7
       2
       5
      10
       6
       7
       4
       4
       6
       6
       6
       3
       9
       2
       5
       6
       6
       8
      13
       6
       9
       4
       7
       6
       5
       4
       5
      10
      10
       4
       4
       8
       8
       9
       4
       2
       8
       5
       3
       6
       3
       3
       4
       5
       5
       8
       5
       5
       6
       5
       4
      10
       4
       8
       4
       2
       7
       5
       7
       5
       7
       7
       8
       4
       4
       8
       8
       5
       7
       7
       3
       4
       7
      10
       3
       8
       7
       6
       8
       6
       3
       3
       8
       7
       5
       3
       8
       7
      10
       7
       7
       2
       8
       5
       4
       9
       5
      13
       7
       3
       7
       6
       6
       4
       2
       4
       7
       5
       6
       5
       2
       8
       3
       4
       5
       8
       5
       5
       6
       5
       4
       5
      10
       7
       4
       3
       6
       4
       7
       2
       5
       4
       6
       6
       3
       6
       7
       5
       7
       7
       1
      11
       2
       6
       7
       4
       8
       5
      10
       6
       9
       6
       5
       6
       4
       9
       5
       6
       8
       4
       4
       4
       5
       5
       7
       5
       3
       3
      12
       9
       5
       5
       7
       9
       8
       4
       5
       9
       8
       3
       9
       5
       7
       5
       9
       8
       6
       4
      11
       6
       6
       9
      10
       8
       6
       5
       3
      10
       6
       5
       7
       7
       7
       5
       5
       6
       6
       6
       7
       7
       5
       5
       3
       5
       4
       6
       5
       8
       7
       9
       7
       7
       4
       4
       8
       4
       5
       6
       8
       8
       6
       7
       8
       2
       2
       5
       7
       4
       9
       6
       8
       5
       3
       7
       2
       7
       6
       6
       9
       5
       6
       7
       5
       6
       3
       8
       7
       7
       1
       9
       6
       2
       8
       1
       4
       7
      10
      11
       7
      10
       9
       2
       3
       3
       5
       7
       7
       5
       5
       7
       4
       7
       1
       5
      11
       9
       7
       3
       7
       5
      11
       8
       5
       9
       7
      11
       4
       3
       3
       3
       6
       5
       6
       4
       2
       7
       4
       8
       6
       4
       2
       8
      11
       5
       1
       5
       8
       5
       4
       5
       3
       6
       8
       4
       3
       8
       4
       1
       4
       5
       6
       9
      13
       6
       8
       4
       4
       7
       2
       5
       2
      11
       4
       6
       5
       5
       8
       5
       7
       5
       5
       6
       5
       6
       4
       7
       3
       4
       3
       5
       6
       6
       7
       4
       5
      13
       7
       3
       7
       6
       8
       7
       7
       5
       5
       7
       6
       5
       7
       6
       9
       4
       8
       3
      11
       8
       3
      10
       6
       4
       5
       5
       5
       4
       7
       5
       5
       5
      11
       8
       3
      10
       5
       8
       5
       4
       6
       9
       5
       6
       3
      12
       5
       7
       5
       7
       4
      11
      10
       6
       3
       6
       8
       3
       6
       7
       8
      10
      11
       7
       5
       9
      10
       5
       9
      10
       7
       6
       6
       6
       4
       6
       8
       0
       5
       9
       8
       8
       6
       4
       3
       8
       6
       5
       7
       7
       3
       9
       8
       5
       6
       9
       9
       9
       7
      11
       4
       5
       2
       6
       4
       4
       7
       6
       6
       2
       4
      10
      13
       6
       8
       4
       7
       5
       6
       6
      12
       7
       9
       5
       8
       7
       3
       6
       6
       5
       7
      11
       7
      10
       7
       7
       7
       6
       8
       5
       4
       9
       9
       8
       8
       4
       3
       3
       6
       2
       9
       3
       7
       4
       6
       4
       7
       9
       7
       5
       4
       2
       4
       7
      10
       3
       8
       8
       8
       4
       9
       7
       3
      12
       3
       1
       9
       9
       6
       8
       6
       8
       5
       4
       6
       7
       1
       4
       5
       4
       4
       5
      12
       6
       3
       4
       6
       5
       8
       7
       7
      12
       6
       9
       5
      11
       8
       9
       5
       6
       6
       3
       9
       6
       3
       7
      10
       8
       4
       8
      10
       5
      11
       8
       5
       9
       4
       7
       9
       5
       8
       8
       0
       7
       8
       5
      10
      13
       7
       4
       8
      10
       8
       8
       8
       2
       7
       9
       8
       3
       9
       8
       7
       7
       4
       8
       5
       8
       8
       4
      12
       4
      13
       7
      10
      10
       8
       6
       4
       4
      10
       9
       7
       5
       5
       2
       5
       8
       5
       8
       8
       5
       8
       3
       3
       7
      11
      12
       7
       5
       5
       4
      10
       8
      10
       6
       5
       3
      10
       5
       6
       8
       3
       7
       5
       5
       4
       3
       5
       7
       4
       5
       6
       6
      11
      11
       7
       7
       6
      10
       7
       9
       6
       8
       9
       6
       6
       8
       4
      10
      12
       7
       6
       5
       1
       6
       6
       8
       5
       7
       9
       2
       5
       5
       2
      10
       5
       3
       4
       6
       2
       5
       7
       3
       8
       6
       3
       4
       6
       4
       2
       5
       5
       9
       5
       5
       3
       8
       8
      10
       7
       7
       4
       4
      10
       5
       6
       6
       4
       8
       8
       8
       3
       4
       8
       4
       7
       3
       7
       7
      10
       8
      10
       4
       3
       3
       8
       4
       6
       8
       7
       6
       9
       2
       2
       5
       6
       7
       6
       4
      13
       2
       1
       8
       8
       5
       8
       6
      15
       5
       5
       5
      12
       5
       8
       4
       6
       1
       8
       8
       7
       4
       5
       6
       3
       6
       8
       5
       3
      10
       7
       8
       8
       9
       8
       4
       3
       8
       6
       6
       8
       9
      11
       7
       3
       9
       8
      12
      10
       7
       6
      10
       6
       6
       9
       5
      12
       3
       9
      14
       7
       5
       3
       9
       8
      11
      15
       4
       8
      13
       6
       5
       4
       5
      13
       7
       4
       5
       4
       7
       7
       7
       9
       5
       8
       7
       5
       5
       6
       7
       8
       6
       4
       3
       3
      10
       4
       6
       8
       6
       7
       8
       6
      10
       9
      11
       8
       7
       6
       3
       7
       8
      12
       7
       6
       3
       5
      10
       8
       4
      12
      31
      20
      25
      22
      24
      18
      24
      24
      23
      25
      26
      29
      32
      26
      26
      25
      19
      18
      20
      25
      27
      23
      20
      26
      14
      20
      23
      21
      14
      19
      29
      17
      21
      16
      19
      22
      13
      13
      16
      17
      12
      18
      15
      17
      24
      22
      19
      26
      23
      24
      24
      22
      27
      16
      18
      19
      25
      23
      21
      17
      18
      16
      17
      20
      17
      23
      14
      19
      25
      15
      23
      25
      13
      22
      13
      22
      17
      15
      26
      24
      16
      16
      24
      20
      23
      22
      20
      22
      12
      16
      16
      15
      17
      10
      16
      14
      15
      12
      19
      16
      18
      11
      12
      18
      15
      17
      15
      16
      11
      19
      11
      17
      25
      20
      14
      14
      14
      16
      15
      19
       6
      17
      10
      21
      10
       8
      17
      10
      14
      17
      17
      11
      18
       4
       9
      13
      12
      16
      11
       8
      11
      13
      20
      15
      18
      15
      10
      16
      12
      11
      14
       9
      13
      13
      13
      11
      15
      14
       4
      16
       9
      11
      10
      13
      11
      15
      10
       9
       5
       8
      10
      11
      10
      12
      13
      11
      10
      11
      13
       6
       6
       9
       7
       6
$ROI:
1
1522 2650
$PRESETS:
Live Time
299
0
$ENER_FIT:
0.000000 0.253724
$MCA_CAL:
3
0.000000E+000 2.537239E-001 0.000000E+000 keV
$SHAPE_CAL:
3
0.000000E+000 0.000000E+000 0.000000E+000
