$SPEC_ID:
No sample description was entered.
$SPEC_REM:
DET# 1
DETDESC# DELL-755-LAB2 MCB 337
AP# Maestro Version 7.01
$DATE_MEA:
05/15/2024 11:12:56
$MEAS_TIM:
299 339
$DATA:
0 8191
       0
       0
       0
       0
       0
       0
       0
       0
       0
       0
       0
       0
       0
       0
       0
       0
       0
       0
       0
       0
       0
       0
       0
       0
       0
       0
       0
       0
       0
       0
       0
       0
       0
       0
       0
       0
       0
       0
       0
       0
       0
       0
       0
       0
       0
       0
       0
       0
       0
       0
       0
       0
       0
       0
       0
       0
       0
       0
       0
       0
       0
       0
       0
       0
       0
       0
       0
       0
       0
       0
       0
       0
       0
       0
       0
       0
       0
       0
       0
       0
       0
       0
       0
       0
       0
       0
       0
       0
       0
       0
       0
       0
       0
       0
       0
       0
       0
       0
       0
       0
       0
       0
       0
       0
       0
       0
       0
       0
       0
       0
       0
       0
       0
       0
       0
       0
       0
       0
       0
       0
       0
       0
       0
       0
       0
       0
       0
       0
       0
       0
       0
       0
       0
       0
       0
       0
       0
       0
       0
       0
       0
       0
       0
       0
       0
       0
       0
       0
       0
       0
       0
       0
       0
       0
       0
       0
       0
       0
       0
       0
       0
       0
       0
       0
       0
       0
       0
       0
       0
       0
       1
       0
       0
       1
       0
       0
       0
       0
       0
       0
       0
       0
       0
       0
       0
       0
       0
       0
       0
       0
       0
       0
       1
       0
       5
       5
      16
      26
      46
      71
      95
     139
     175
     223
     267
     297
     333
     378
     429
     476
     516
     565
     601
     603
     685
     683
     726
     783
     788
     843
     935
     924
     976
    1043
    1031
    1058
    1121
    1152
    1184
    1186
    1219
    1202
    1272
    1260
    1349
    1376
    1331
    1394
    1346
    1441
    1410
    1457
    1501
    1468
    1501
    1539
    1462
    1508
    1506
    1543
    1547
    1540
    1559
    1505
    1557
    1467
    1465
    1530
    1660
    1523
    1550
    1593
    1559
    1482
    1548
    1522
    1472
    1488
    1497
    1453
    1510
    1535
    1507
    1538
    1571
    1557
    1456
    1529
    1507
    1524
    1453
    1551
    1508
    1539
    1527
    1551
    1495
    1507
    1518
    1544
    1539
    1504
    1486
    1467
    1482
    1533
    1481
    1473
    1475
    1595
    1468
    1477
    1546
    1528
    1543
    1529
    1507
    1477
    1557
    1519
    1523
    1480
    1568
    1501
    1515
    1492
    1476
    1443
    1408
    1450
    1413
    1487
    1463
    1515
    1463
    1488
    1543
    1465
    1407
    1492
    1487
    1441
    1487
    1540
    1447
    1501
    1562
    1455
    1506
    1480
    1486
    1507
    1511
    1493
    1529
    1553
    1527
    1495
    1464
    1458
    1479
    1462
    1434
    1466
    1496
    1405
    1480
    1466
    1429
    1495
    1458
    1545
    1447
    1612
    1497
    1465
    1470
    1535
    1388
    1494
    1446
    1497
    1407
    1455
    1558
    1507
    1442
    1460
    1464
    1449
    1454
    1482
    1484
    1524
    1550
    1498
    1414
    1448
    1496
    1473
    1486
    1473
    1453
    1470
    1548
    1543
    1426
    1414
    1459
    1455
    1542
    1494
    1500
    1410
    1440
    1367
    1488
    1457
    1510
    1499
    1469
    1425
    1502
    1448
    1455
    1370
    1537
    1470
    1547
    1493
    1494
    1485
    1447
    1509
    1431
    1465
    1484
    1525
    1457
    1496
    1554
    1542
    1455
    1470
    1509
    1496
    1436
    1474
    1588
    1468
    1527
    1434
    1521
    1498
    1442
    1493
    1488
    1515
    1506
    1442
    1506
    1538
    1488
    1588
    1575
    1535
    1418
    1510
    1544
    1502
    1457
    1519
    1457
    1438
    1488
    1491
    1521
    1592
    1534
    1479
    1486
    1520
    1572
    1486
    1501
    1531
    1455
    1475
    1519
    1537
    1548
    1511
    1488
    1488
    1540
    1529
    1502
    1551
    1562
    1479
    1554
    1561
    1487
    1543
    1552
    1511
    1500
    1547
    1522
    1586
    1562
    1502
    1564
    1537
    1559
    1545
    1473
    1469
    1542
    1613
    1511
    1601
    1525
    1629
    1517
    1542
    1560
    1513
    1512
    1609
    1584
    1546
    1562
    1594
    1511
    1542
    1554
    1576
    1568
    1595
    1631
    1514
    1635
    1542
    1586
    1529
    1575
    1592
    1559
    1578
    1583
    1642
    1583
    1575
    1655
    1576
    1554
    1638
    1595
    1578
    1696
    1628
    1639
    1577
    1556
    1620
    1614
    1577
    1558
    1611
    1663
    1709
    1665
    1666
    1569
    1610
    1699
    1667
    1661
    1602
    1742
    1600
    1669
    1701
    1712
    1701
    1670
    1717
    1671
    1735
    1642
    1714
    1758
    1615
    1682
    1694
    1641
    1633
    1760
    1735
    1720
    1650
    1665
    1671
    1717
    1711
    1731
    1680
    1747
    1764
    1716
    1678
    1770
    1785
    1730
    1666
    1787
    1765
    1825
    1814
    1732
    1748
    1764
    1757
    1725
    1800
    1795
    1833
    1827
    1779
    1811
    1754
    1806
    1758
    1808
    1778
    1791
    1811
    1878
    1755
    1763
    1740
    1848
    1874
    1787
    1826
    1846
    1817
    1805
    1801
    1850
    1881
    1886
    1791
    1819
    1866
    1814
    1860
    1845
    1828
    1856
    1933
    1754
    1863
    1813
    1811
    1795
    1943
    1901
    1857
    1863
    1813
    1908
    1917
    1816
    1866
    1856
    1803
    1804
    1857
    1874
    1854
    1941
    1812
    1933
    1860
    1828
    1825
    1923
    1860
    1872
    1924
    1822
    1899
    1892
    1896
    1830
    1786
    1851
    1942
    1832
    1849
    1921
    1889
    1878
    1888
    1863
    1800
    1876
    1823
    1867
    1885
    1859
    1824
    1898
    1888
    1798
    1839
    1878
    1881
    1831
    1891
    1887
    1841
    1706
    1853
    1869
    1831
    1823
    1854
    1902
    1843
    1865
    1849
    1734
    1820
    1834
    1770
    1797
    1816
    1816
    1781
    1835
    1908
    1800
    1796
    1938
    1913
    1841
    1830
    1827
    1884
    1875
    1709
    1765
    1754
    1845
    1800
    1820
    1739
    1843
    1808
    1827
    1758
    1745
    1798
    1776
    1764
    1780
    1809
    1742
    1782
    1805
    1832
    1709
    1773
    1696
    1734
    1705
    1818
    1842
    1785
    1791
    1767
    1805
    1793
    1782
    1800
    1745
    1804
    1761
    1757
    1727
    1732
    1700
    1771
    1740
    1735
    1758
    1753
    1718
    1693
    1821
    1664
    1757
    1709
    1738
    1843
    1804
    1713
    1827
    1772
    1634
    1836
    1717
    1618
    1706
    1612
    1692
    1719
    1606
    1686
    1735
    1638
    1652
    1641
    1582
    1647
    1744
    1715
    1692
    1606
    1707
    1700
    1673
    1573
    1674
    1670
    1673
    1642
    1675
    1656
    1575
    1669
    1635
    1650
    1684
    1627
    1701
    1626
    1566
    1602
    1658
    1659
    1759
    1621
    1649
    1707
    1612
    1657
    1563
    1530
    1670
    1641
    1588
    1643
    1669
    1557
    1586
    1578
    1576
    1515
    1601
    1636
    1622
    1542
    1577
    1544
    1634
    1511
    1671
    1601
    1554
    1540
    1545
    1541
    1532
    1529
    1532
    1567
    1449
    1552
    1618
    1579
    1564
    1588
    1536
    1517
    1520
    1603
    1559
    1530
    1495
    1516
    1545
    1525
    1529
    1550
    1460
    1515
    1540
    1542
    1513
    1576
    1549
    1467
    1485
    1420
    1572
    1478
    1480
    1509
    1550
    1480
    1536
    1541
    1457
    1492
    1467
    1451
    1544
    1396
    1503
    1444
    1444
    1474
    1471
    1440
    1474
    1456
    1434
    1513
    1477
    1474
    1529
    1510
    1414
    1471
    1441
    1505
    1468
    1427
    1431
    1434
    1461
    1435
    1531
    1471
    1386
    1473
    1400
    1427
    1427
    1453
    1406
    1548
    1457
    1371
    1494
    1341
    1446
    1501
    1365
    1465
    1413
    1356
    1394
    1488
    1373
    1342
    1405
    1395
    1428
    1381
    1473
    1383
    1381
    1427
    1450
    1407
    1380
    1399
    1379
    1414
    1418
    1394
    1390
    1361
    1393
    1357
    1373
    1346
    1358
    1461
    1369
    1373
    1350
    1453
    1450
    1383
    1413
    1419
    1433
    1397
    1367
    1400
    1453
    1350
    1399
    1361
    1360
    1359
    1403
    1383
    1365
    1318
    1299
    1334
    1332
    1404
    1423
    1438
    1314
    1383
    1321
    1352
    1331
    1314
    1343
    1348
    1391
    1385
    1337
    1347
    1314
    1288
    1333
    1306
    1307
    1387
    1339
    1302
    1318
    1284
    1350
    1383
    1311
    1296
    1361
    1306
    1338
    1320
    1290
    1349
    1301
    1326
    1343
    1387
    1354
    1315
    1329
    1334
    1312
    1350
    1304
    1318
    1327
    1284
    1370
    1345
    1328
    1260
    1358
    1387
    1343
    1304
    1271
    1348
    1336
    1307
    1361
    1353
    1311
    1332
    1322
    1341
    1333
    1323
    1302
    1237
    1333
    1428
    1272
    1374
    1308
    1302
    1324
    1341
    1399
    1317
    1302
    1245
    1296
    1292
    1314
    1236
    1264
    1248
    1335
    1371
    1302
    1307
    1363
    1288
    1285
    1277
    1287
    1275
    1281
    1251
    1315
    1291
    1240
    1345
    1293
    1236
    1186
    1297
    1255
    1194
    1259
    1239
    1343
    1265
    1246
    1311
    1259
    1270
    1184
    1322
    1250
    1281
    1313
    1210
    1220
    1290
    1287
    1253
    1241
    1282
    1268
    1268
    1246
    1269
    1256
    1299
    1265
    1244
    1229
    1236
    1319
    1284
    1244
    1205
    1257
    1226
    1266
    1229
    1256
    1191
    1219
    1264
    1218
    1230
    1223
    1188
    1186
    1201
    1244
    1161
    1240
    1202
    1259
    1185
    1204
    1130
    1218
    1195
    1293
    1215
    1193
    1148
    1193
    1183
    1173
    1139
    1185
    1263
    1234
    1189
    1198
    1143
    1131
    1165
    1174
    1155
    1197
    1191
    1169
    1100
    1231
    1162
    1212
    1140
    1132
    1146
    1151
    1184
    1191
    1158
    1109
    1154
    1181
    1123
    1121
    1131
    1129
    1128
    1133
    1122
    1183
    1115
    1088
    1119
    1141
    1207
    1093
    1084
    1129
    1100
    1154
    1044
    1108
    1025
    1068
    1098
    1116
    1079
    1078
    1125
    1006
    1058
     987
     998
    1078
    1076
     987
    1034
    1033
    1078
    1058
    1099
    1014
    1030
    1049
    1060
    1061
    1017
    1022
    1025
    1044
    1014
    1030
    1012
    1026
    1036
     973
     961
    1021
     977
     941
     945
     949
     980
    1050
     950
     916
     955
     914
     913
     956
     925
     951
     943
     959
     897
     927
     848
     902
     916
     897
     914
     880
     869
     833
     945
     925
     879
     902
     850
     911
     907
     927
     916
     870
     876
     867
     904
     871
     882
     880
     831
     889
     879
     854
     793
     826
     863
     803
     796
     812
     828
     808
     799
     801
     774
     842
     820
     808
     785
     804
     773
     745
     774
     761
     774
     741
     787
     798
     712
     726
     741
     732
     754
     755
     733
     786
     769
     735
     739
     704
     718
     709
     715
     755
     779
     765
     675
     726
     697
     657
     707
     686
     670
     672
     731
     709
     661
     690
     667
     685
     647
     686
     692
     637
     678
     679
     700
     676
     622
     631
     652
     627
     628
     639
     591
     663
     632
     630
     591
     637
     640
     641
     615
     598
     645
     652
     597
     569
     604
     587
     598
     591
     583
     601
     590
     601
     587
     580
     643
     548
     601
     586
     593
     591
     531
     592
     591
     590
     531
     567
     529
     581
     543
     560
     527
     535
     554
     555
     565
     519
     514
     545
     530
     446
     547
     513
     506
     528
     533
     517
     472
     497
     475
     505
     504
     527
     507
     472
     525
     557
     511
     486
     500
     508
     532
     502
     484
     483
     469
     504
     497
     474
     492
     480
     506
     483
     506
     461
     451
     492
     465
     455
     467
     473
     468
     462
     502
     475
     459
     466
     466
     432
     446
     482
     474
     457
     462
     451
     438
     463
     447
     474
     485
     465
     451
     451
     476
     449
     435
     446
     470
     468
     413
     435
     448
     490
     449
     442
     465
     439
     420
     391
     468
     473
     471
     437
     445
     466
     468
     428
     435
     446
     464
     429
     416
     427
     399
     450
     459
     425
     426
     439
     426
     425
     452
     425
     460
     451
     457
     439
     446
     451
     426
     436
     438
     456
     459
     443
     454
     445
     471
     406
     417
     439
     454
     447
     422
     442
     437
     447
     423
     451
     420
     442
     444
     447
     431
     449
     449
     420
     407
     436
     469
     409
     444
     448
     467
     471
     449
     429
     417
     470
     465
     435
     454
     472
     456
     470
     459
     470
     468
     528
     458
     444
     434
     443
     436
     449
     544
     486
     484
     512
     486
     477
     483
     509
     451
     506
     452
     505
     482
     486
     464
     522
     500
     550
     496
     526
     534
     566
     523
     521
     562
     514
     513
     562
     517
     509
     581
     514
     561
     535
     560
     569
     577
     529
     565
     564
     581
     576
     570
     546
     621
     588
     572
     585
     599
     644
     613
     640
     592
     586
     616
     610
     583
     637
     621
     658
     632
     625
     670
     662
     690
     684
     644
     675
     679
     638
     692
     670
     695
     689
     681
     688
     671
     694
     759
     732
     711
     728
     731
     736
     776
     724
     766
     721
     744
     731
     772
     796
     830
     778
     818
     852
     794
     861
     806
     847
     858
     860
     853
     809
     873
     915
     895
     867
     922
     888
     909
     896
     886
     898
    1022
     953
     884
     927
     964
     998
     961
     996
     945
    1028
     997
    1014
    1028
     974
    1063
    1081
    1061
    1091
    1069
    1112
    1128
    1062
    1096
    1102
    1157
    1195
    1190
    1202
    1229
    1155
    1192
    1193
    1210
    1180
    1225
    1245
    1237
    1221
    1263
    1231
    1247
    1317
    1355
    1299
    1351
    1370
    1397
    1315
    1382
    1356
    1419
    1407
    1423
    1427
    1456
    1474
    1452
    1465
    1498
    1475
    1541
    1516
    1515
    1548
    1547
    1595
    1643
    1559
    1584
    1652
    1663
    1605
    1673
    1679
    1672
    1649
    1657
    1645
    1671
    1736
    1761
    1795
    1863
    1782
    1815
    1858
    1852
    1907
    1864
    1905
    1879
    1953
    1854
    2012
    1980
    1924
    1959
    2038
    2020
    2050
    1980
    2020
    2001
    2100
    2064
    2123
    2120
    2079
    2071
    2209
    2214
    2256
    2222
    2199
    2286
    2281
    2225
    2229
    2316
    2315
    2279
    2322
    2385
    2373
    2385
    2331
    2437
    2410
    2340
    2435
    2456
    2386
    2571
    2479
    2497
    2427
    2501
    2553
    2540
    2676
    2571
    2654
    2696
    2621
    2684
    2674
    2683
    2668
    2706
    2712
    2803
    2830
    2792
    2874
    2851
    2904
    2809
    2838
    2837
    2797
    2866
    2839
    2982
    2947
    2944
    2945
    3023
    3089
    3076
    3039
    3029
    2979
    2997
    3111
    3053
    3065
    3168
    3065
    3124
    3178
    3087
    3233
    3182
    3223
    3256
    3187
    3190
    3175
    3369
    3295
    3207
    3298
    3226
    3317
    3339
    3266
    3374
    3449
    3325
    3389
    3518
    3339
    3367
    3570
    3429
    3467
    3473
    3632
    3505
    3509
    3575
    3387
    3492
    3475
    3524
    3648
    3564
    3638
    3478
    3595
    3639
    3626
    3561
    3615
    3687
    3607
    3547
    3706
    3728
    3655
    3624
    3645
    3701
    3722
    3747
    3788
    3727
    3810
    3797
    3736
    3749
    3711
    3730
    3747
    3729
    3814
    3663
    3760
    3676
    3738
    3824
    3754
    3825
    3828
    3795
    3865
    3702
    3814
    3743
    3832
    3843
    3838
    3805
    3837
    3841
    3754
    3833
    3720
    3828
    3746
    3770
    3838
    3775
    3831
    3863
    3856
    3865
    3723
    4082
    3777
    3810
    3859
    3748
    3769
    3865
    3888
    3927
    3928
    3860
    3942
    3903
    3846
    3739
    3931
    3811
    3730
    3908
    3796
    3771
    3805
    3859
    3832
    3850
    3866
    3816
    3789
    3876
    3729
    3869
    3761
    3843
    3718
    3821
    3801
    3765
    3752
    3709
    3836
    3807
    3644
    3757
    3667
    3623
    3901
    3843
    3718
    3752
    3704
    3699
    3725
    3684
    3668
    3579
    3616
    3638
    3645
    3672
    3661
    3565
    3517
    3568
    3549
    3623
    3721
    3581
    3598
    3564
    3583
    3620
    3502
    3509
    3448
    3397
    3593
    3455
    3600
    3482
    3458
    3469
    3477
    3466
    3427
    3440
    3332
    3288
    3315
    3331
    3305
    3290
    3348
    3308
    3322
    3363
    3334
    3248
    3222
    3285
    3183
    3205
    3259
    3224
    3244
    3309
    3147
    3255
    3225
    3208
    3104
    3126
    3066
    3066
    3043
    3042
    3002
    3050
    2926
    2994
    3008
    2907
    2931
    2947
    2893
    2982
    2872
    2757
    2945
    2865
    2830
    2915
    2792
    2870
    2718
    2819
    2747
    2753
    2767
    2737
    2763
    2657
    2631
    2740
    2719
    2652
    2688
    2654
    2661
    2606
    2568
    2602
    2559
    2549
    2498
    2476
    2593
    2591
    2522
    2518
    2507
    2405
    2469
    2389
    2460
    2424
    2497
    2398
    2342
    2312
    2222
    2323
    2352
    2238
    2261
    2206
    2238
    2279
    2313
    2228
    2224
    2316
    2078
    2153
    2149
    2092
    2164
    2107
    2041
    2069
    2180
    1985
    2080
    2033
    2077
    2003
    1997
    1979
    1992
    1954
    1972
    1958
    1936
    1880
    1884
    1933
    1846
    1827
    1809
    1814
    1942
    1833
    1813
    1785
    1827
    1852
    1749
    1659
    1760
    1770
    1707
    1715
    1727
    1752
    1685
    1689
    1686
    1747
    1585
    1624
    1624
    1564
    1535
    1615
    1567
    1519
    1559
    1502
    1554
    1512
    1507
    1490
    1476
    1469
    1540
    1534
    1444
    1449
    1343
    1399
    1426
    1321
    1453
    1389
    1275
    1331
    1313
    1320
    1318
    1332
    1211
    1240
    1298
    1245
    1273
    1247
    1214
    1280
    1167
    1190
    1192
    1216
    1108
    1136
    1148
    1149
    1137
    1123
    1118
    1095
    1086
    1100
    1092
    1089
    1137
    1090
    1049
    1042
    1092
    1038
    1026
    1006
    1017
    1010
    1037
     971
     971
     956
     961
     952
     940
     970
     967
     912
     931
     925
     916
     890
     824
     871
     900
     924
     883
     840
     890
     829
     830
     842
     808
     806
     778
     778
     808
     825
     775
     817
     796
     750
     769
     779
     734
     725
     703
     669
     695
     674
     712
     693
     693
     701
     679
     704
     642
     728
     646
     684
     658
     681
     631
     674
     664
     696
     610
     613
     651
     629
     617
     652
     625
     580
     602
     658
     561
     625
     561
     541
     575
     579
     541
     533
     567
     563
     546
     540
     552
     515
     538
     496
     533
     495
     484
     488
     528
     506
     483
     481
     458
     483
     477
     498
     480
     524
     493
     495
     505
     445
     443
     452
     451
     469
     451
     458
     432
     422
     424
     421
     441
     446
     424
     484
     440
     406
     413
     401
     401
     402
     430
     379
     361
     378
     380
     390
     359
     375
     372
     378
     382
     385
     378
     370
     340
     358
     350
     375
     360
     381
     317
     347
     354
     347
     332
     317
     344
     327
     358
     359
     331
     321
     358
     318
     377
     343
     324
     347
     363
     330
     327
     321
     360
     330
     309
     300
     327
     308
     303
     309
     296
     317
     314
     326
     317
     309
     295
     307
     280
     311
     287
     329
     293
     302
     293
     290
     281
     297
     327
     289
     267
     267
     289
     264
     302
     290
     274
     287
     256
     321
     282
     299
     244
     294
     256
     300
     263
     280
     295
     258
     253
     258
     248
     276
     259
     274
     261
     250
     259
     264
     252
     259
     265
     245
     267
     239
     264
     257
     279
     262
     257
     233
     277
     273
     281
     228
     262
     261
     252
     241
     248
     275
     252
     259
     232
     268
     258
     213
     250
     240
     239
     248
     230
     234
     230
     251
     229
     259
     237
     280
     259
     253
     256
     253
     235
     217
     251
     235
     243
     225
     260
     240
     252
     234
     253
     231
     269
     211
     224
     245
     242
     241
     206
     238
     228
     250
     214
     207
     259
     236
     228
     240
     216
     249
     235
     205
     201
     214
     208
     254
     232
     207
     201
     239
     225
     210
     220
     243
     239
     222
     235
     242
     230
     210
     206
     227
     227
     244
     241
     205
     245
     244
     223
     225
     211
     227
     212
     207
     217
     199
     211
     222
     227
     192
     198
     214
     208
     221
     215
     216
     209
     232
     225
     220
     239
     224
     216
     252
     246
     238
     226
     217
     231
     217
     226
     227
     228
     247
     225
     233
     254
     226
     226
     221
     217
     199
     226
     217
     229
     206
     211
     223
     229
     212
     202
     225
     235
     234
     233
     187
     230
     219
     205
     199
     212
     239
     238
     222
     218
     227
     237
     198
     217
     235
     202
     227
     228
     190
     225
     231
     205
     225
     211
     217
     230
     215
     231
     234
     219
     229
     234
     195
     227
     267
     231
     210
     217
     214
     191
     251
     218
     234
     188
     228
     236
     229
     226
     229
     200
     221
     213
     182
     219
     248
     230
     212
     233
     236
     201
     181
     238
     221
     205
     213
     210
     217
     216
     221
     216
     181
     227
     232
     201
     184
     208
     208
     225
     226
     237
     201
     202
     218
     201
     205
     214
     193
     209
     209
     222
     202
     241
     242
     225
     203
     236
     219
     177
     220
     206
     214
     235
     237
     198
     243
     230
     200
     199
     234
     227
     233
     190
     226
     210
     231
     221
     203
     216
     238
     225
     230
     226
     213
     233
     197
     216
     209
     227
     228
     213
     210
     200
     213
     215
     217
     203
     213
     214
     240
     202
     200
     223
     217
     205
     212
     236
     217
     217
     216
     205
     208
     211
     218
     212
     233
     209
     229
     216
     222
     212
     238
     212
     223
     206
     246
     216
     232
     206
     214
     233
     209
     199
     216
     207
     184
     238
     197
     205
     225
     213
     215
     212
     235
     226
     238
     222
     236
     187
     235
     235
     208
     214
     186
     193
     204
     221
     216
     214
     224
     234
     227
     223
     207
     211
     199
     196
     215
     221
     232
     225
     208
     216
     205
     212
     207
     217
     208
     194
     240
     232
     247
     209
     212
     197
     221
     204
     206
     227
     241
     213
     211
     225
     211
     220
     222
     220
     231
     214
     186
     220
     224
     215
     213
     223
     191
     215
     235
     221
     206
     227
     222
     203
     248
     207
     205
     206
     221
     194
     237
     207
     222
     210
     229
     200
     207
     227
     209
     205
     224
     236
     224
     206
     219
     237
     207
     226
     226
     230
     218
     201
     206
     257
     223
     231
     196
     203
     197
     244
     211
     228
     217
     203
     223
     204
     206
     212
     222
     194
     210
     177
     209
     200
     218
     213
     226
     212
     224
     217
     201
     192
     233
     208
     225
     235
     206
     225
     213
     217
     227
     228
     195
     206
     191
     236
     216
     208
     213
     220
     214
     211
     215
     212
     198
     236
     238
     234
     182
     217
     228
     206
     207
     216
     203
     194
     228
     225
     233
     216
     228
     213
     227
     230
     240
     229
     218
     217
     194
     242
     211
     187
     265
     225
     209
     210
     192
     208
     196
     230
     215
     230
     196
     212
     185
     214
     223
     212
     203
     233
     191
     180
     211
     231
     202
     214
     192
     190
     209
     228
     219
     211
     190
     206
     201
     222
     217
     241
     205
     208
     203
     200
     218
     208
     208
     205
     211
     209
     196
     225
     196
     206
     222
     206
     214
     198
     208
     188
     200
     221
     215
     179
     201
     205
     222
     235
     203
     195
     237
     207
     228
     227
     214
     229
     220
     187
     224
     207
     235
     210
     220
     215
     236
     228
     218
     207
     235
     219
     228
     201
     220
     216
     198
     222
     209
     239
     216
     206
     196
     219
     211
     184
     235
     200
     231
     229
     232
     202
     241
     214
     200
     217
     239
     203
     217
     208
     199
     212
     203
     216
     224
     218
     216
     216
     204
     233
     211
     225
     197
     211
     223
     213
     217
     199
     208
     217
     202
     226
     215
     199
     240
     209
     215
     201
     203
     216
     191
     204
     229
     223
     242
     230
     203
     206
     219
     200
     199
     223
     229
     210
     209
     196
     202
     182
     237
     220
     211
     227
     210
     200
     213
     183
     218
     204
     235
     200
     205
     230
     237
     229
     227
     209
     205
     208
     210
     191
     232
     215
     212
     202
     208
     201
     191
     235
     236
     232
     208
     226
     237
     217
     209
     219
     231
     207
     216
     217
     198
     239
     213
     234
     198
     204
     228
     185
     223
     200
     208
     195
     242
     197
     218
     212
     231
     221
     197
     207
     202
     248
     223
     227
     222
     220
     200
     239
     197
     230
     231
     217
     214
     230
     231
     202
     230
     221
     198
     220
     240
     187
     209
     238
     219
     227
     189
     211
     205
     223
     213
     202
     208
     228
     200
     202
     195
     234
     197
     240
     181
     219
     236
     190
     225
     208
     224
     202
     206
     195
     221
     199
     237
     192
     218
     225
     213
     221
     226
     220
     192
     217
     196
     220
     263
     199
     201
     208
     221
     183
     221
     211
     209
     216
     240
     187
     227
     184
     237
     212
     199
     195
     242
     239
     230
     220
     228
     205
     221
     229
     224
     244
     245
     220
     242
     203
     175
     223
     212
     218
     224
     204
     216
     220
     178
     220
     248
     223
     248
     216
     225
     206
     218
     217
     201
     218
     215
     240
     246
     176
     210
     225
     200
     211
     253
     225
     207
     216
     222
     234
     237
     222
     202
     208
     224
     223
     238
     201
     217
     213
     212
     241
     197
     223
     216
     226
     204
     212
     210
     228
     219
     217
     231
     198
     201
     203
     222
     210
     226
     226
     238
     222
     235
     204
     214
     210
     211
     205
     229
     221
     215
     220
     247
     231
     225
     231
     224
     215
     220
     214
     212
     212
     229
     232
     252
     217
     227
     232
     218
     244
     224
     246
     198
     215
     225
     246
     247
     210
     203
     230
     230
     216
     211
     227
     222
     236
     221
     229
     236
     208
     210
     226
     233
     234
     240
     226
     242
     210
     215
     235
     236
     212
     239
     220
     231
     209
     213
     236
     205
     241
     208
     230
     225
     231
     228
     235
     201
     245
     237
     250
     241
     205
     244
     227
     212
     227
     207
     211
     213
     187
     208
     241
     202
     221
     213
     211
     208
     231
     239
     237
     184
     247
     233
     228
     213
     225
     218
     236
     227
     236
     234
     235
     215
     214
     231
     210
     210
     246
     238
     236
     223
     213
     215
     234
     223
     237
     257
     206
     225
     241
     206
     206
     222
     219
     222
     201
     236
     245
     215
     231
     189
     235
     213
     238
     239
     230
     223
     241
     218
     217
     245
     256
     234
     219
     233
     243
     232
     224
     219
     243
     214
     207
     230
     235
     212
     240
     247
     225
     233
     228
     212
     222
     242
     205
     204
     237
     220
     247
     227
     257
     236
     226
     241
     233
     236
     202
     247
     240
     245
     214
     234
     225
     240
     222
     227
     231
     228
     251
     213
     214
     250
     200
     227
     212
     198
     216
     235
     213
     228
     236
     264
     244
     232
     214
     236
     208
     238
     227
     273
     241
     259
     264
     227
     239
     245
     210
     226
     239
     233
     230
     233
     245
     250
     241
     229
     219
     255
     246
     254
     224
     231
     254
     294
     229
     206
     224
     248
     251
     243
     235
     240
     245
     231
     253
     225
     228
     235
     225
     224
     206
     243
     246
     222
     227
     256
     247
     236
     243
     220
     252
     247
     245
     217
     203
     244
     242
     271
     239
     225
     219
     219
     232
     274
     236
     228
     248
     229
     240
     226
     262
     220
     240
     248
     260
     223
     232
     269
     277
     244
     224
     244
     249
     224
     243
     247
     238
     220
     220
     233
     201
     212
     248
     237
     254
     230
     267
     243
     237
     228
     265
     241
     215
     258
     252
     227
     256
     245
     223
     234
     223
     226
     223
     250
     210
     244
     230
     251
     216
     254
     257
     245
     255
     274
     233
     262
     230
     214
     243
     250
     230
     234
     254
     260
     272
     238
     224
     234
     240
     226
     250
     227
     232
     257
     232
     243
     271
     249
     264
     259
     262
     246
     237
     228
     228
     229
     249
     233
     243
     238
     233
     250
     241
     220
     253
     233
     248
     215
     261
     223
     226
     235
     227
     226
     218
     240
     233
     251
     232
     199
     239
     211
     256
     240
     257
     225
     216
     254
     229
     233
     242
     263
     265
     268
     220
     246
     251
     250
     225
     246
     259
     269
     230
     270
     239
     258
     251
     249
     238
     228
     231
     213
     232
     230
     275
     222
     222
     255
     252
     260
     224
     234
     240
     254
     228
     247
     243
     239
     267
     246
     242
     251
     243
     236
     233
     249
     248
     234
     214
     260
     250
     230
     229
     217
     226
     224
     261
     234
     257
     232
     262
     225
     239
     251
     231
     234
     262
     250
     241
     223
     233
     248
     269
     225
     217
     250
     227
     235
     207
     244
     286
     193
     229
     250
     272
     224
     254
     226
     206
     253
     251
     228
     237
     230
     216
     232
     235
     252
     263
     259
     247
     245
     209
     250
     260
     244
     246
     255
     217
     236
     242
     223
     244
     222
     218
     235
     251
     232
     244
     211
     239
     245
     240
     256
     256
     251
     240
     250
     245
     221
     216
     214
     231
     232
     237
     232
     225
     247
     225
     265
     259
     226
     240
     224
     251
     278
     237
     260
     220
     234
     238
     233
     228
     231
     238
     232
     247
     203
     216
     252
     235
     251
     226
     237
     250
     222
     263
     238
     217
     229
     245
     227
     264
     213
     258
     242
     212
     202
     243
     216
     238
     231
     237
     232
     239
     209
     227
     236
     251
     215
     243
     222
     230
     222
     247
     232
     230
     215
     187
     223
     231
     243
     226
     204
     222
     208
     237
     233
     231
     214
     250
     194
     213
     238
     206
     235
     200
     215
     221
     219
     219
     216
     199
     217
     220
     221
     232
     240
     209
     224
     223
     222
     236
     215
     228
     195
     231
     228
     209
     206
     216
     219
     233
     230
     198
     209
     224
     223
     211
     239
     240
     195
     233
     237
     213
     222
     202
     211
     222
     214
     196
     207
     222
     219
     243
     212
     221
     226
     213
     218
     190
     213
     206
     215
     220
     191
     225
     211
     232
     216
     204
     217
     219
     192
     206
     218
     201
     195
     232
     225
     207
     209
     200
     203
     201
     225
     188
     193
     207
     225
     203
     230
     214
     194
     215
     224
     221
     196
     200
     200
     191
     210
     195
     210
     202
     207
     210
     201
     195
     209
     194
     225
     173
     208
     195
     209
     204
     209
     199
     209
     191
     184
     182
     174
     173
     190
     199
     180
     198
     184
     192
     185
     198
     180
     164
     179
     196
     200
     200
     191
     206
     188
     181
     196
     196
     184
     192
     189
     180
     184
     190
     193
     204
     197
     166
     167
     187
     184
     163
     196
     167
     182
     165
     180
     184
     194
     172
     171
     203
     159
     187
     168
     176
     183
     185
     196
     177
     174
     200
     204
     189
     193
     172
     188
     178
     180
     179
     170
     188
     174
     144
     185
     172
     189
     171
     151
     194
     185
     173
     180
     175
     152
     174
     166
     169
     161
     156
     163
     175
     170
     163
     164
     198
     169
     160
     166
     170
     164
     162
     158
     163
     159
     168
     168
     176
     182
     181
     172
     138
     163
     173
     152
     151
     150
     175
     151
     145
     175
     157
     153
     137
     159
     145
     174
     173
     104
     155
     177
     155
     153
     160
     141
     132
     126
     163
     145
     150
     160
     144
     154
     169
     165
     159
     137
     151
     161
     149
     165
     147
     145
     138
     150
     169
     145
     166
     161
     141
     146
     160
     157
     154
     141
     173
     147
     165
     141
     173
     152
     147
     151
     148
     133
     140
     143
     148
     176
     137
     146
     144
     149
     136
     153
     146
     141
     162
     135
     127
     149
     166
     152
     134
     144
     143
     158
     167
     152
     131
     123
     157
     124
     121
     139
     129
     127
     146
     136
     144
     119
     149
     139
     136
     133
     119
     155
     145
     142
     133
     134
     117
     122
     131
     131
     141
     125
     137
     141
     135
     116
     126
     142
     135
     135
     134
     153
     131
     150
     120
     117
     115
     136
     131
     127
     118
     132
     147
     122
     125
     124
     118
     137
     137
     132
     134
     125
     128
     129
     151
     108
     103
     109
     108
     142
     122
     129
     115
     126
     114
     113
     114
     116
     110
     120
     119
     124
     122
     137
     132
     126
     139
     116
     140
     135
     133
     126
     143
     128
     124
      95
     131
     111
     127
     100
     116
     124
     136
     139
     114
     114
     118
     127
     117
     135
     122
     131
     152
     149
     116
     129
     126
     122
     123
     111
     127
     114
     109
     127
     122
     106
     131
     121
     100
     109
     102
     117
     114
     120
     130
     127
     114
     117
     122
     116
     132
     147
     108
     122
     120
     105
     113
     122
     131
     132
     122
     127
     106
     109
     126
     110
     140
     122
     118
     122
     136
     122
     139
     122
     115
     121
     119
     116
     112
     111
     111
     108
     117
     114
     124
     141
     114
     121
     122
     130
     120
     119
     128
      97
     113
     120
     125
     114
     123
     119
     137
     135
     139
     127
     153
     109
     128
     134
     110
     103
     109
     136
     118
     110
     132
     120
     140
     127
      96
     123
     111
     110
     115
     123
     124
     128
     116
     142
     133
     115
     126
     134
     122
     138
     135
     140
     130
     115
     126
     144
     121
     105
     124
     136
     116
     113
     119
     103
     116
     136
     124
     120
     126
     131
     148
     134
     148
     120
     129
     142
     121
     124
     136
     139
     128
     138
     133
     132
     138
     141
     124
     145
     132
     138
     111
     149
     147
     131
     146
     155
     111
     125
     138
     139
     128
     161
     140
     142
     141
     133
     138
     122
     148
     138
     177
     126
     151
     155
     160
     162
     123
     149
     136
     168
     144
     131
     142
     143
     153
     166
     172
     148
     154
     164
     136
     141
     140
     141
     144
     135
     148
     154
     133
     169
     143
     135
     148
     150
     142
     142
     137
     142
     152
     139
     168
     166
     153
     126
     156
     155
     141
     162
     154
     160
     159
     150
     144
     160
     163
     159
     154
     166
     129
     157
     162
     166
     155
     189
     175
     166
     173
     170
     161
     136
     164
     147
     171
     175
     176
     158
     162
     154
     180
     186
     164
     152
     175
     160
     166
     169
     151
     175
     154
     159
     159
     190
     184
     186
     162
     176
     185
     172
     207
     152
     185
     173
     177
     197
     178
     176
     170
     162
     194
     193
     174
     197
     178
     173
     171
     194
     183
     190
     189
     208
     160
     172
     177
     203
     201
     164
     172
     210
     196
     213
     198
     185
     180
     182
     246
     170
     172
     199
     189
     208
     217
     197
     171
     194
     203
     204
     194
     188
     218
     199
     190
     190
     195
     212
     200
     201
     196
     210
     204
     204
     205
     206
     234
     220
     214
     214
     239
     183
     211
     210
     220
     218
     228
     212
     221
     225
     203
     235
     223
     204
     233
     208
     201
     237
     247
     219
     229
     224
     203
     218
     233
     230
     230
     242
     206
     228
     202
     220
     260
     239
     246
     234
     215
     231
     228
     224
     241
     228
     245
     261
     242
     228
     243
     240
     209
     231
     237
     255
     228
     272
     241
     261
     256
     264
     282
     229
     239
     250
     238
     253
     234
     243
     242
     266
     251
     232
     263
     254
     265
     276
     276
     237
     270
     231
     262
     266
     262
     226
     249
     259
     250
     260
     264
     277
     283
     248
     268
     262
     286
     271
     256
     252
     261
     249
     265
     286
     253
     263
     285
     266
     258
     271
     252
     265
     286
     282
     313
     292
     278
     257
     311
     276
     275
     301
     283
     297
     290
     272
     266
     289
     252
     301
     291
     265
     282
     332
     295
     275
     271
     273
     279
     304
     305
     310
     293
     315
     305
     307
     283
     290
     272
     304
     274
     295
     279
     311
     304
     279
     312
     294
     293
     293
     277
     280
     305
     306
     302
     292
     365
     311
     294
     306
     285
     276
     325
     289
     297
     341
     294
     288
     298
     308
     312
     286
     277
     284
     308
     276
     300
     279
     298
     337
     317
     338
     307
     306
     342
     313
     321
     290
     312
     305
     298
     324
     320
     327
     310
     309
     306
     349
     300
     351
     304
     314
     307
     303
     334
     287
     359
     298
     343
     348
     308
     336
     383
     324
     291
     315
     326
     336
     310
     287
     350
     321
     335
     302
     335
     318
     313
     315
     305
     311
     310
     327
     350
     309
     337
     319
     324
     327
     308
     305
     327
     343
     338
     328
     327
     341
     333
     334
     322
     337
     328
     300
     310
     314
     325
     352
     334
     352
     326
     344
     354
     315
     324
     359
     339
     338
     329
     341
     292
     323
     343
     337
     329
     342
     345
     335
     308
     344
     330
     327
     341
     342
     335
     350
     353
     317
     328
     313
     349
     328
     325
     315
     274
     357
     313
     339
     332
     329
     332
     340
     335
     337
     331
     346
     364
     324
     383
     335
     333
     331
     325
     330
     305
     322
     323
     352
     338
     350
     352
     349
     347
     317
     290
     327
     330
     321
     340
     325
     297
     311
     348
     326
     330
     319
     317
     324
     339
     376
     331
     368
     326
     289
     311
     307
     332
     302
     302
     293
     319
     311
     341
     311
     320
     330
     320
     328
     345
     344
     327
     311
     335
     310
     288
     332
     329
     300
     331
     315
     304
     328
     310
     322
     332
     305
     308
     326
     311
     335
     323
     308
     312
     294
     324
     271
     310
     308
     311
     298
     303
     338
     306
     285
     335
     306
     303
     312
     323
     343
     313
     322
     315
     320
     317
     350
     334
     344
     319
     322
     320
     331
     284
     309
     313
     292
     317
     275
     336
     305
     295
     304
     327
     262
     324
     287
     332
     294
     337
     310
     313
     305
     321
     311
     335
     310
     310
     309
     299
     309
     318
     298
     273
     269
     290
     263
     266
     327
     303
     321
     273
     309
     305
     285
     298
     292
     277
     288
     307
     289
     302
     270
     306
     282
     239
     282
     277
     294
     296
     293
     268
     266
     306
     252
     274
     273
     276
     306
     294
     266
     290
     256
     286
     293
     262
     297
     304
     296
     282
     253
     272
     290
     246
     267
     286
     277
     278
     277
     262
     301
     254
     275
     264
     226
     264
     268
     261
     262
     281
     293
     300
     240
     257
     252
     262
     258
     285
     267
     240
     260
     262
     223
     273
     273
     246
     250
     241
     262
     259
     244
     254
     273
     274
     214
     263
     257
     225
     231
     249
     255
     253
     231
     205
     230
     253
     234
     250
     237
     258
     243
     262
     283
     239
     241
     250
     247
     253
     262
     234
     234
     233
     217
     232
     242
     206
     251
     206
     219
     249
     229
     235
     230
     222
     218
     206
     203
     242
     209
     220
     228
     206
     256
     196
     210
     221
     224
     236
     211
     209
     227
     214
     214
     240
     226
     236
     204
     218
     203
     197
     222
     223
     203
     219
     221
     211
     218
     197
     216
     217
     219
     217
     208
     195
     233
     226
     198
     218
     201
     216
     211
     195
     209
     224
     202
     207
     185
     199
     195
     221
     218
     199
     186
     206
     214
     172
     215
     182
     203
     187
     219
     192
     174
     185
     195
     190
     174
     178
     184
     142
     201
     189
     193
     217
     163
     191
     174
     169
     182
     194
     192
     174
     165
     188
     188
     190
     210
     188
     172
     177
     164
     171
     188
     175
     191
     199
     151
     169
     173
     154
     177
     172
     179
     167
     147
     181
     177
     154
     171
     163
     155
     191
     165
     168
     178
     187
     174
     177
     151
     154
     152
     170
     192
     135
     166
     162
     169
     172
     153
     178
     151
     161
     134
     148
     159
     168
     161
     167
     179
     127
     148
     156
     148
     149
     162
     151
     177
     139
     160
     167
     142
     152
     140
     154
     137
     146
     156
     146
     139
     159
     137
     129
     139
     138
     136
     141
     131
     136
     151
     162
     118
     131
     127
     149
     129
     124
     129
     114
     126
     120
     121
     147
     134
     142
     108
     135
     119
     134
     132
     119
     141
     133
     127
     137
     132
     145
     125
     106
     134
     116
     132
     108
     119
     154
     108
     136
     130
     132
     137
     131
     137
     138
     107
     122
     135
     133
     124
     119
     122
     114
     100
     124
     127
     111
     114
     114
     136
     112
     126
     100
     124
     132
     133
     112
      92
     123
     115
     109
      94
      99
     130
     109
     134
     114
      99
     111
     106
     121
     100
     113
     100
     118
     103
      95
     102
     108
      98
     106
      93
      85
      93
     111
     109
      99
     107
     103
      96
      96
     108
     113
     104
      90
      83
      95
     119
      94
      89
      84
     106
      97
     106
     103
      96
     105
      95
      89
      90
      95
      87
      97
     100
      85
      85
      86
     100
      86
     108
      87
      86
      84
      88
      84
      91
      81
      82
      74
      61
      87
      70
      77
      75
      96
      74
      88
      74
      86
      89
      78
      90
      73
      69
      76
      64
      81
      75
      86
      77
      76
      85
      69
      80
      64
      88
      63
      82
      74
      73
      80
      68
      57
      79
      75
      77
      74
      63
      80
      67
      65
      69
      59
      93
      61
      54
      73
      81
      73
      73
      81
      61
      75
      48
      66
      66
      72
      80
      59
      84
      67
      70
      58
      50
      76
      64
      76
      65
      65
      64
      65
      61
      64
      58
      56
      53
      70
      55
      76
      52
      48
      66
      60
      81
      57
      77
      54
      64
      53
      44
      50
      43
      65
      65
      67
      64
      56
      61
      66
      58
      45
      57
      41
      67
      50
      48
      62
      47
      52
      45
      50
      57
      54
      50
      49
      45
      43
      59
      37
      62
      48
      51
      52
      55
      53
      50
      49
      42
      49
      44
      53
      50
      38
      47
      52
      58
      57
      45
      34
      39
      44
      41
      43
      57
      53
      51
      42
      53
      42
      59
      43
      38
      38
      44
      40
      46
      40
      53
      34
      45
      49
      41
      59
      40
      50
      39
      42
      40
      49
      36
      49
      43
      25
      49
      52
      32
      51
      44
      39
      41
      36
      28
      43
      44
      34
      40
      40
      35
      29
      29
      30
      36
      44
      40
      33
      47
      30
      39
      35
      42
      34
      38
      30
      33
      37
      28
      31
      42
      37
      38
      36
      30
      26
      46
      27
      39
      37
      37
      32
      47
      33
      36
      42
      40
      30
      40
      39
      36
      36
      27
      31
      31
      28
      36
      41
      34
      30
      28
      33
      31
      42
      38
      39
      30
      22
      27
      33
      38
      38
      26
      33
      27
      28
      27
      21
      35
      29
      26
      32
      15
      29
      26
      27
      35
      32
      36
      26
      20
      38
      37
      22
      26
      30
      31
      25
      29
      27
      26
      27
      27
      31
      21
      42
      26
      32
      21
      13
      22
      29
      36
      22
      21
      22
      29
      23
      17
      27
      19
      16
      18
      28
      26
      23
      19
      23
      21
      21
      29
      27
      20
      18
      25
      26
      22
      23
      29
      13
      32
      20
      22
      22
      23
      24
      23
      34
      23
      21
      23
      24
      19
      21
      19
      22
      25
      28
      17
      21
      14
      26
      26
      24
      17
      25
      17
      22
      22
       9
      34
      39
      21
      17
      25
      17
      20
      14
      20
      30
      21
      18
      25
      18
      17
      27
      24
      25
      12
      25
      13
      14
      15
      16
      16
      21
      21
      19
      17
      20
      11
      19
      12
      17
      20
      18
      23
      22
      18
      21
      16
       7
      15
      20
      11
      16
      18
      22
      17
      22
      19
      18
      17
      17
      17
      16
      14
      18
      16
      20
      17
      22
      20
      14
      17
      15
      12
      17
      17
      12
      21
      19
      13
      15
      16
      18
      22
      15
      13
      17
      11
      16
      22
      17
      15
      12
      15
      23
      13
      13
      11
      10
      12
      17
      18
      19
      17
      18
      18
      18
      16
      10
      14
       9
      10
      14
      17
      15
      15
      25
      16
      13
      13
      11
      14
      18
      19
      18
      17
      15
      12
      11
      12
      13
      16
      16
      13
       9
      17
      10
      13
      16
      14
       9
      20
      15
      19
      14
       9
      10
      14
      14
      13
      17
      14
      14
      13
      12
      11
      12
      12
      13
      17
      11
      14
      20
      10
      10
      16
      23
      10
      19
      11
      11
       9
      12
       9
      15
      13
      17
      16
      19
      14
       5
      12
      12
      12
      12
       9
      16
      12
       9
      14
      15
      11
      11
       5
       9
      21
      16
       9
      12
      11
      11
      18
      12
      12
      10
      17
       8
       9
      15
       9
      12
      12
      15
      13
      22
      14
       8
      13
      11
      10
      18
      15
      13
      15
      12
      11
      12
      15
       6
      14
      14
      13
      13
      10
      15
      11
      11
      11
      18
      18
      17
      22
       8
       6
      14
       9
      12
       9
      15
      11
      15
      11
       6
      10
       9
      11
      16
      14
      14
      10
      12
      11
       7
       9
       8
       8
      19
      12
       9
      16
      12
       8
      15
      11
      12
      11
      13
       8
       9
       9
      14
      12
       8
      12
       6
      10
      10
       5
      11
       8
      13
      11
      13
      14
       8
       5
       8
       5
      12
       9
       8
      18
      10
      13
      10
       9
       9
      12
       9
      11
       7
      12
       8
      10
       5
       9
       8
      14
      11
       6
       8
      13
       7
       8
      12
      12
      12
       9
       9
       7
      10
      18
       5
      12
       5
       3
       8
      11
      12
       7
       8
       7
       8
      10
       9
      12
      12
       9
       5
      13
       7
       9
       7
      12
      10
      15
       9
       9
       5
       9
       6
       6
       9
      11
       8
      10
       9
      11
       5
      10
       7
       4
      14
       4
       7
       5
       8
       8
      13
       5
       5
       9
      13
       7
      15
       9
       6
       6
       5
      12
       8
      11
      13
      11
      12
       8
       9
      13
      11
      14
      16
       5
       7
       8
       8
       6
      10
       7
       6
       7
       8
       6
      10
       6
       8
       5
       6
      11
       8
      11
      12
      11
       4
       8
       4
       4
      10
      16
       8
       7
       6
       7
      13
       9
       8
       8
      13
       7
       5
       6
       9
      16
       6
       7
       7
      11
       3
       7
       6
       8
       8
       9
       8
       7
       6
      11
      10
       6
       6
       7
       5
       4
       8
       5
       4
       9
       9
      10
       7
       4
       7
       6
      12
       4
       7
       7
      11
      10
       7
       9
       9
      17
       8
       4
      10
       9
       8
      10
      10
       6
      10
       7
       8
       7
       6
       6
       9
       6
       7
       8
       4
       8
       5
       7
      13
       9
       7
       5
       9
      13
       9
       6
      14
       7
       4
       7
      12
       5
       6
       9
      10
       9
       8
      15
      11
       7
      10
       7
       6
       7
       9
       4
       4
       9
       4
      10
       8
       5
       8
      12
       5
       7
      11
      13
      11
       8
      10
       9
       7
       6
      13
       6
      10
       6
       4
       8
       6
       9
      10
      10
       9
       7
      11
       3
       7
       9
      12
       9
       8
      13
       7
       6
       6
       7
      12
       7
       7
       6
       3
       3
      13
       4
      10
       5
       5
       7
       1
       2
       6
       1
      14
       9
       6
       9
       6
      11
       8
      10
       5
      11
       9
      10
       6
       7
       8
       5
      10
      10
       5
       8
       6
       9
       8
       5
       5
       6
       8
       6
       7
       6
       6
      11
       1
       8
       6
      10
       7
       1
       7
       5
       9
       9
       7
       9
       4
       4
       5
      10
       4
       6
       5
       7
       8
       6
      10
       7
       5
       6
       7
       6
      16
       7
       5
       5
       7
       6
       8
       8
       6
       4
       7
       6
       4
       7
       5
       6
       9
       6
       8
       6
       7
       6
       4
       4
       7
       3
       4
      13
       9
       5
       9
       9
       9
       9
       7
       9
       5
       7
       7
       5
       6
       5
       1
       3
       6
       5
      13
       7
       6
       7
       3
       6
       7
       6
       5
      14
       6
       9
      12
       4
       6
       8
       4
      11
       6
       4
       9
       3
       9
       7
       6
       7
       5
       2
       5
      14
      12
       7
       2
       6
       8
       5
      12
       7
       8
       8
       2
      11
       8
       4
       8
       7
       9
      10
       9
       4
       6
       4
       8
       2
       3
      10
       5
       5
       3
       6
       6
       2
       3
       9
       7
       2
       3
       6
       4
       5
       7
       6
      13
       4
       8
       8
      11
      10
       5
       5
       6
       5
       7
       7
       7
       3
       2
       4
       9
       4
       4
       3
       8
       5
       8
       8
       7
       2
       9
       7
       5
       8
       3
      15
       9
       9
      10
       9
      13
       6
       7
       7
       1
      10
      10
       8
      10
       5
      11
      11
       7
       8
       7
      14
       3
       7
       5
       2
       9
      11
      12
       5
       8
      10
       8
       4
      11
       8
       5
       8
       7
       4
       6
       6
       8
      10
       6
       7
       4
       6
       7
      10
       6
      11
       5
       7
       4
       9
       5
       8
       8
       9
       8
       6
      10
       9
       5
       4
       9
       6
       8
       6
       7
       9
       8
       9
      14
       8
       9
       7
      10
       4
       5
       7
       3
       9
       6
       7
       6
       6
       6
       7
      11
       6
       5
      12
       8
       8
       8
       9
      10
       7
       4
       8
       7
       9
       4
       8
       9
       9
       8
       5
       7
       3
       9
       8
       9
       3
      10
       6
       5
       6
      11
       7
      14
       4
       7
      14
       9
       6
       8
       6
      14
       6
      10
       7
      11
       7
       6
      10
       7
       8
       2
       9
      11
       6
       8
       7
       5
       8
      11
       7
      16
       9
      11
       8
      11
       9
      11
       8
       6
       8
       7
       9
      10
       5
      10
       7
      11
       8
       4
       7
       8
      10
       5
       7
       7
      11
       4
      12
       7
       6
      13
      10
       8
       8
       5
       8
       7
       6
       8
       4
      10
       6
      10
       8
       8
       8
      16
       7
       7
       9
      16
       6
       7
       6
       5
       4
       6
      14
       9
       3
      11
       7
      11
       8
      15
      13
       8
       7
       9
       8
       7
       8
       8
       2
       5
       8
       5
       9
       5
       5
       9
       6
       6
       5
       8
       8
       9
       9
      11
       5
      11
       7
       3
       6
      11
       8
       3
       2
      10
       9
      10
      12
      13
       7
       9
       2
       7
       7
       6
       5
      11
      10
       7
      12
       9
      12
       3
       4
       4
       9
       6
       6
       6
       7
       4
       4
       4
       9
      12
       9
       8
       3
       9
       7
       4
       7
       9
       9
       4
       9
       7
       9
       4
       8
       5
      15
       6
       6
      11
      10
       5
       9
      10
       4
      12
       5
       6
      12
      13
       8
      14
       4
       9
      13
       9
       5
       5
       5
       6
       8
      11
       7
       8
       9
       9
       5
      12
       6
       7
      10
       8
      12
       3
      11
       6
       9
       9
       8
       7
       8
       4
       6
       3
       8
      11
       6
       9
       7
      10
       5
       5
       5
      10
       5
       7
       5
       7
       6
       7
      12
       7
       8
       3
       9
       7
       9
       6
       8
       6
      14
       6
       8
      10
       7
       7
       6
       7
       6
       4
       6
      10
       5
      11
       8
       7
       7
      14
       4
       8
       5
      11
      11
       7
       8
      12
       5
       4
      10
       6
       4
       7
       5
      11
      10
      10
       4
       7
       6
       7
      10
      12
      10
       7
       6
       8
       8
       7
      12
       6
       8
       7
       4
       5
      11
       8
       4
       9
       6
       8
      10
       4
       5
       5
      10
       7
       7
      11
       6
       5
      10
       8
      10
       9
       7
       9
      11
      10
       7
       8
       7
       4
       4
       6
       8
      12
       5
       7
       6
       4
       3
       7
       8
       5
       8
      11
       9
       7
       4
       5
       5
       4
      14
       5
       7
       7
       5
       6
      11
       4
       8
       7
       3
       4
      10
       6
       9
       3
       8
       5
       4
       4
       4
       7
      12
       8
       7
       2
       8
       6
       2
       4
       6
       6
       4
      12
       6
       4
       8
       5
       5
       4
       5
      12
       7
       8
       6
       7
       8
       9
       3
       5
       4
       7
       8
       2
       5
      10
       7
       9
       7
       4
       7
       2
       5
       6
       6
       9
       6
       4
       9
       5
       6
       8
       7
       6
       4
       6
       7
       4
       8
       3
       7
       4
       4
       6
       6
       4
       8
       6
       3
       8
       9
       5
       7
       9
       7
       7
       9
       6
       7
       8
       6
       6
       3
       8
       4
       5
       3
       4
       3
       2
       7
       8
       4
       5
       6
       7
       7
       8
       7
      12
      10
       5
       3
       4
       4
       3
       9
       7
       4
       6
       7
       4
       5
       4
       6
       5
       4
       7
       7
       2
       6
      11
       6
       1
       5
      11
       8
       8
       7
       9
       8
       8
       8
       6
       6
       6
       5
      11
       6
       8
       6
       8
       5
       5
       6
       9
       6
       5
       4
       2
       7
       2
       5
       5
       4
       5
       4
       9
       4
       7
       7
       3
       3
       6
       5
       6
       5
       4
       6
       5
       4
       3
       6
       3
       5
       8
       4
       4
       3
       5
       6
       3
       4
      10
       9
       6
       6
       7
       7
       6
       6
       6
       5
       7
       6
       6
       3
       6
       6
       9
       9
       7
       6
      11
       3
       5
       5
       8
       7
       7
       8
       3
       4
       5
       7
       7
       4
       3
       4
       6
       2
       6
       7
       2
       3
       4
       5
       4
       5
       6
       4
       6
       9
       4
       5
       1
       8
       5
       5
      10
       5
       3
       8
       8
       5
       7
       7
       5
       2
       6
       4
       3
       6
       4
       6
       5
       7
       5
      11
       1
       1
       4
       2
       6
       2
       4
       1
       3
       8
       4
       6
       3
       5
       3
       7
       5
       1
       1
       1
       8
       5
       2
       3
       2
       6
       4
       3
       3
       3
       2
       3
       3
       3
       5
       4
       3
       4
       3
       3
       4
       1
       2
       5
       6
       7
       4
       7
       5
       4
       5
       5
       2
       3
       1
       2
       6
       1
       6
       7
       8
       3
       3
       4
       3
       3
       4
       2
       6
       1
       2
       4
       5
       1
       4
       2
       2
       2
       2
       6
       4
       2
       3
       6
       4
       2
       6
       2
       3
       3
       2
       1
       6
       4
       4
       3
       5
       1
       3
       4
       5
       4
       0
       2
       3
       1
       3
       4
       3
       7
       6
       2
       6
       6
       4
       7
       5
       5
       4
       5
       1
       3
       3
       4
       6
       1
       6
       1
       2
       3
       2
       2
       4
       1
       3
       4
       8
       1
       3
       0
       2
       1
       6
       3
       1
       1
       3
       5
       5
       3
       3
       3
       3
       2
       2
       2
       4
       2
       1
       1
       2
       1
       1
       3
       4
       8
       1
       1
       3
       4
       0
       1
       5
       2
       5
       0
       4
       7
       3
       3
       2
       2
       4
       1
       1
       6
       5
       4
       1
       5
       1
       5
       1
       2
       4
       3
       4
       1
       4
       4
       5
       2
       4
       3
       1
       5
       2
       2
       1
       2
       0
       0
       6
       2
       1
       1
       5
       0
       1
       5
       3
       1
       2
       0
       1
       2
       1
       3
       1
       2
       2
       2
       2
       0
       3
       0
       3
       5
       0
       1
       3
       0
       3
       3
       1
       1
       2
       2
       0
       1
       3
       1
       3
       1
       1
       2
       1
       1
       0
       6
       0
       3
       0
       3
       1
       0
       1
       1
       0
       2
       2
       1
       0
       4
       2
       0
       1
       2
       1
       2
       0
       2
       2
       2
       0
       1
       2
       2
       1
       1
       1
       3
       0
       1
       2
       5
       1
       2
       2
       1
       1
       0
       2
       0
       0
       5
       2
       6
       3
       1
       1
       1
       1
       0
       1
       4
       3
       1
       1
       1
       3
       2
       2
       1
       3
       0
       3
       1
       2
       0
       0
       1
       3
       0
       1
       2
       4
       1
       0
       0
       0
       3
       5
       3
       0
       6
       1
       3
       1
       1
       1
       0
       2
       3
       1
       1
       2
       1
       2
       1
       3
       5
       3
       0
       2
       3
       4
       2
       1
       1
       0
       2
       0
       3
       1
       2
       1
       0
       2
       2
       2
       1
       3
       5
       0
       0
       1
       0
       1
       3
       0
       0
       0
       2
       0
       0
       1
       2
       1
       2
       1
       0
       2
       1
       2
       3
       2
       3
       0
       2
       0
       1
       2
       1
       0
       1
       2
       0
       0
       0
       2
       3
       2
       2
       2
       1
       3
       1
       0
       0
       2
       7
       5
       2
      11
       4
       3
       6
       7
       4
       2
       5
       2
       5
       3
       4
       2
       5
       4
       3
       8
       4
       0
       6
       2
       4
       2
       3
       4
       6
       2
       1
       3
       4
       7
       6
       7
       6
       1
       6
       3
       6
       4
       1
       3
       3
       1
       4
       2
       0
       4
       2
       2
       3
       1
       5
       2
       2
       1
       2
       4
       0
       3
       2
       1
       2
       4
       8
       2
       5
       5
       1
       0
       3
       5
       2
       0
       0
       3
       3
       3
       4
       3
       4
       3
       4
       3
       1
       1
       5
       6
       1
       6
       2
       5
       3
       2
       2
       2
       1
       2
       1
       2
       1
       1
       2
       3
       1
       3
       2
       0
       2
       3
       2
       3
       2
       5
       3
       1
       0
       2
       5
       2
       1
       1
       0
       2
       3
       1
       0
       4
       0
       1
       3
       3
       1
       4
       2
       2
       2
       1
       4
       4
       1
       2
       6
       0
       3
       0
       1
       3
       3
       1
       2
       3
       2
       3
       4
       5
       1
       0
       4
       2
       2
       0
       0
       3
       2
       5
       0
       1
       0
       3
       2
       0
       1
       2
       0
       0
       0
       6
       1
       2
       3
$ROI:
1
1522 2650
$PRESETS:
None
0
0
$ENER_FIT:
0.000000 0.253724
$MCA_CAL:
3
0.000000E+000 2.537239E-001 0.000000E+000 keV
$SHAPE_CAL:
3
0.000000E+000 0.000000E+000 0.000000E+000
