$SPEC_ID:
No sample description was entered.
$SPEC_REM:
DET# 1
DETDESC# DELL-755-LAB2 MCB 337
AP# Maestro Version 7.01
$DATE_MEA:
05/15/2024 11:37:01
$MEAS_TIM:
328 372
$DATA:
0 8191
       0
       0
       0
       0
       0
       0
       0
       0
       0
       0
       0
       0
       0
       0
       0
       0
       0
       0
       0
       0
       0
       0
       0
       0
       0
       0
       0
       0
       0
       0
       0
       0
       0
       0
       0
       0
       0
       0
       0
       0
       0
       0
       0
       0
       0
       0
       0
       0
       0
       0
       0
       0
       0
       0
       0
       0
       0
       0
       0
       0
       0
       0
       0
       0
       0
       0
       0
       0
       0
       0
       0
       0
       0
       0
       0
       0
       0
       0
       0
       0
       0
       0
       0
       0
       0
       0
       0
       0
       0
       0
       0
       0
       0
       0
       0
       0
       0
       0
       0
       0
       0
       0
       0
       0
       0
       0
       0
       0
       0
       0
       0
       0
       0
       0
       0
       0
       0
       0
       0
       0
       0
       0
       0
       0
       0
       0
       0
       0
       0
       0
       0
       0
       0
       0
       0
       0
       0
       0
       0
       0
       0
       0
       1
       0
       0
       0
       0
       0
       0
       0
       0
       0
       0
       0
       1
       0
       0
       0
       0
       0
       0
       0
       0
       0
       0
       0
       0
       0
       0
       0
       0
       0
       0
       0
       0
       0
       0
       1
       2
       0
       0
       2
       0
       0
       0
       3
       3
       4
      12
      21
      21
      44
      68
     110
     168
     258
     412
     466
     537
     678
     832
     828
     911
     960
     990
    1046
    1106
    1158
    1168
    1240
    1292
    1300
    1314
    1378
    1469
    1433
    1431
    1519
    1559
    1543
    1481
    1599
    1588
    1566
    1519
    1647
    1701
    1563
    1599
    1588
    1664
    1593
    1562
    1581
    1609
    1607
    1618
    1686
    1571
    1661
    1655
    1664
    1630
    1576
    1591
    1668
    1643
    1578
    1654
    1696
    1617
    1631
    1658
    1593
    1696
    1788
    1697
    1655
    1714
    1684
    1596
    1609
    1638
    1646
    1674
    1700
    1738
    1719
    1625
    1715
    1711
    1642
    1724
    1769
    1698
    1673
    1674
    1698
    1725
    1662
    1712
    1757
    1751
    1718
    1734
    1724
    1720
    1695
    1780
    1761
    1792
    1670
    1772
    1708
    1781
    1762
    1683
    1751
    1734
    1712
    1788
    1723
    1767
    1735
    1736
    1712
    1768
    1715
    1717
    1845
    1713
    1726
    1754
    1708
    1817
    1671
    1702
    1722
    1692
    1749
    1739
    1800
    1675
    1764
    1691
    1777
    1713
    1724
    1751
    1738
    1810
    1720
    1806
    1676
    1753
    1699
    1714
    1695
    1714
    1729
    1680
    1703
    1703
    1812
    1687
    1704
    1740
    1752
    1735
    1691
    1702
    1785
    1680
    1739
    1762
    1695
    1753
    1747
    1793
    1687
    1733
    1717
    1719
    1712
    1729
    1758
    1704
    1710
    1748
    1826
    1721
    1764
    1807
    1798
    1785
    1688
    1698
    1693
    1708
    1762
    1701
    1741
    1743
    1645
    1779
    1748
    1754
    1724
    1780
    1789
    1699
    1729
    1726
    1722
    1735
    1730
    1778
    1857
    1700
    1760
    1760
    1820
    1792
    1757
    1783
    1849
    1777
    1819
    1749
    1814
    1767
    1817
    1817
    1808
    1854
    1814
    1757
    1762
    1800
    1820
    1857
    1879
    1740
    1837
    1908
    1770
    1884
    1872
    1848
    1877
    1829
    1880
    1886
    1846
    1820
    1862
    1802
    1856
    1882
    1854
    1851
    1848
    1868
    1909
    1865
    1988
    1930
    1878
    1864
    1915
    1824
    1867
    1913
    1940
    1892
    1870
    1939
    1896
    1881
    1956
    1970
    1980
    1894
    1991
    1884
    1934
    2030
    2014
    1886
    1914
    2019
    1932
    1961
    1937
    1934
    1856
    1948
    1951
    1917
    2012
    1969
    2062
    2021
    1911
    1987
    1966
    1966
    1925
    1991
    1948
    1952
    1987
    1912
    1982
    2040
    1952
    1922
    2101
    1895
    2003
    1946
    2015
    1989
    2034
    2038
    2029
    2042
    1986
    2036
    2069
    1929
    2049
    2080
    1979
    2049
    2006
    2025
    2039
    2027
    2019
    2083
    2004
    2002
    2060
    2031
    2077
    1975
    2069
    2069
    2004
    2060
    2135
    2020
    2116
    2046
    2169
    2052
    2153
    2089
    2079
    2067
    2045
    2114
    2023
    2043
    2096
    2130
    2131
    2139
    2056
    2101
    2066
    2041
    2026
    2022
    1962
    2040
    2052
    2053
    2214
    2048
    2087
    2091
    2071
    2069
    2164
    2048
    2161
    2124
    2167
    2189
    2145
    2176
    2065
    2162
    2117
    2165
    2207
    2130
    2160
    2117
    2123
    2200
    2107
    2155
    2188
    2104
    2214
    2073
    2174
    2109
    2198
    2186
    2165
    2254
    2188
    2209
    2136
    2254
    2197
    2195
    2143
    2303
    2202
    2291
    2284
    2263
    2242
    2290
    2195
    2194
    2294
    2204
    2195
    2317
    2310
    2226
    2329
    2286
    2323
    2334
    2333
    2257
    2269
    2339
    2373
    2296
    2309
    2323
    2287
    2362
    2378
    2372
    2376
    2399
    2362
    2461
    2467
    2458
    2477
    2455
    2463
    2374
    2431
    2510
    2487
    2487
    2451
    2525
    2499
    2506
    2529
    2517
    2427
    2602
    2521
    2592
    2539
    2601
    2546
    2574
    2560
    2583
    2679
    2760
    2762
    2662
    2720
    2692
    2591
    2806
    2669
    2684
    2684
    2732
    2589
    2709
    2667
    2710
    2758
    2802
    2734
    2830
    2726
    2832
    2789
    2782
    2811
    2805
    2765
    2871
    2827
    2796
    2856
    2805
    2862
    2833
    2872
    2935
    2873
    2912
    2885
    2984
    2933
    2950
    2991
    2879
    3027
    2941
    2883
    2975
    3024
    2907
    2892
    2970
    3018
    3032
    2991
    2961
    2923
    2970
    3000
    3034
    2925
    2959
    2957
    2942
    2999
    3004
    2982
    2990
    2919
    2974
    2977
    3005
    3043
    2979
    2970
    3020
    3028
    3005
    3078
    2947
    2927
    3052
    2921
    2933
    2968
    2927
    2913
    2933
    2878
    2923
    3002
    2955
    3001
    2910
    2816
    2967
    2970
    2913
    2891
    2993
    2894
    2942
    2955
    2873
    2827
    2872
    2861
    2766
    2813
    2892
    2860
    2728
    2900
    2813
    2922
    2787
    2800
    2872
    2839
    2754
    2832
    2793
    2789
    2728
    2825
    2744
    2748
    2817
    2698
    2646
    2624
    2675
    2711
    2679
    2681
    2677
    2729
    2705
    2618
    2703
    2719
    2608
    2648
    2646
    2667
    2641
    2563
    2681
    2696
    2578
    2583
    2580
    2491
    2606
    2553
    2534
    2600
    2605
    2592
    2533
    2473
    2549
    2535
    2569
    2545
    2536
    2449
    2478
    2530
    2446
    2594
    2553
    2542
    2524
    2472
    2464
    2360
    2441
    2481
    2439
    2353
    2452
    2562
    2424
    2436
    2414
    2425
    2514
    2363
    2417
    2350
    2419
    2480
    2487
    2382
    2371
    2426
    2374
    2408
    2346
    2418
    2319
    2349
    2404
    2391
    2345
    2366
    2313
    2372
    2286
    2414
    2378
    2327
    2304
    2346
    2365
    2410
    2328
    2335
    2225
    2350
    2240
    2289
    2285
    2409
    2204
    2344
    2257
    2372
    2275
    2260
    2280
    2218
    2274
    2230
    2203
    2201
    2130
    2242
    2199
    2230
    2273
    2191
    2292
    2267
    2187
    2189
    2150
    2173
    2187
    2224
    2139
    2146
    2174
    2072
    2206
    2146
    2133
    2092
    2171
    2054
    2211
    2193
    2154
    2112
    2099
    2162
    2071
    2140
    2026
    2159
    2047
    2020
    2101
    2095
    2059
    2061
    2146
    2023
    2049
    2066
    2061
    2100
    2062
    2068
    2051
    2013
    2054
    2000
    2000
    2090
    2074
    1997
    2057
    2015
    2019
    2114
    1932
    1987
    1951
    2127
    2087
    1955
    2029
    1933
    2005
    1907
    2008
    1958
    1943
    1995
    1962
    1984
    2028
    1938
    1976
    1990
    1921
    1940
    1970
    1846
    1964
    1923
    1957
    1913
    1947
    1903
    1963
    1857
    1870
    1881
    1938
    1917
    1846
    1959
    1904
    1914
    1838
    1891
    1884
    1879
    1891
    1795
    1870
    1938
    1864
    1798
    1809
    1821
    1840
    1759
    1844
    1908
    1872
    1854
    1805
    1847
    1832
    1823
    1849
    1847
    1836
    1872
    1839
    1816
    1829
    1853
    1837
    1854
    1823
    1779
    1762
    1834
    1734
    1818
    1852
    1852
    1858
    1798
    1795
    1775
    1743
    1822
    1829
    1779
    1847
    1833
    1743
    1782
    1826
    1743
    1768
    1812
    1721
    1879
    1749
    1711
    1790
    1812
    1739
    1783
    1705
    1691
    1776
    1671
    1654
    1785
    1731
    1773
    1741
    1679
    1777
    1747
    1678
    1756
    1757
    1780
    1743
    1736
    1730
    1721
    1708
    1729
    1706
    1702
    1708
    1647
    1718
    1628
    1736
    1704
    1737
    1771
    1709
    1693
    1711
    1618
    1687
    1726
    1675
    1664
    1661
    1668
    1617
    1717
    1685
    1597
    1692
    1637
    1751
    1754
    1742
    1697
    1732
    1723
    1646
    1729
    1719
    1663
    1657
    1691
    1723
    1664
    1620
    1609
    1633
    1653
    1678
    1594
    1601
    1592
    1651
    1589
    1648
    1614
    1631
    1658
    1713
    1686
    1728
    1613
    1643
    1602
    1595
    1605
    1622
    1593
    1630
    1686
    1713
    1618
    1634
    1638
    1642
    1620
    1697
    1614
    1667
    1655
    1651
    1658
    1599
    1604
    1632
    1601
    1605
    1643
    1686
    1590
    1645
    1651
    1682
    1620
    1633
    1622
    1675
    1666
    1590
    1635
    1602
    1634
    1565
    1625
    1631
    1625
    1618
    1607
    1643
    1631
    1621
    1637
    1641
    1672
    1655
    1653
    1606
    1628
    1654
    1638
    1523
    1625
    1617
    1513
    1570
    1634
    1551
    1567
    1604
    1528
    1581
    1545
    1586
    1508
    1632
    1588
    1585
    1585
    1639
    1558
    1524
    1526
    1596
    1634
    1594
    1541
    1568
    1577
    1571
    1547
    1489
    1556
    1549
    1543
    1462
    1622
    1564
    1488
    1502
    1550
    1521
    1556
    1493
    1537
    1553
    1551
    1459
    1587
    1583
    1513
    1531
    1464
    1514
    1445
    1555
    1525
    1503
    1435
    1527
    1494
    1527
    1487
    1473
    1432
    1537
    1463
    1569
    1445
    1415
    1469
    1472
    1469
    1419
    1479
    1480
    1461
    1489
    1435
    1452
    1463
    1437
    1418
    1461
    1401
    1431
    1424
    1443
    1385
    1375
    1426
    1444
    1343
    1433
    1387
    1395
    1404
    1412
    1446
    1281
    1452
    1388
    1378
    1384
    1380
    1359
    1318
    1331
    1301
    1365
    1308
    1364
    1344
    1351
    1311
    1235
    1300
    1272
    1290
    1306
    1221
    1286
    1326
    1237
    1273
    1238
    1250
    1259
    1235
    1228
    1163
    1230
    1306
    1288
    1252
    1186
    1312
    1218
    1134
    1213
    1212
    1183
    1267
    1184
    1206
    1185
    1122
    1176
    1145
    1146
    1133
    1139
    1114
    1113
    1100
    1108
    1097
    1114
    1189
    1017
    1101
    1043
    1051
    1058
    1067
    1062
    1023
    1071
    1058
    1059
    1059
    1067
    1071
    1018
    1012
     981
    1062
    1005
    1016
     974
     931
    1010
     947
    1001
     943
     959
     965
    1011
     941
     949
     884
     977
     981
     955
     998
     926
     928
    1024
     963
     969
     928
     915
     926
     944
     925
     942
     930
     878
     889
     906
     868
     909
     889
     915
     843
     874
     833
     882
     890
     859
     823
     863
     845
     834
     849
     842
     849
     822
     873
     866
     823
     840
     842
     774
     787
     824
     846
     858
     856
     786
     803
     837
     803
     816
     838
     763
     807
     774
     813
     755
     755
     751
     800
     763
     803
     759
     800
     786
     779
     775
     755
     758
     787
     739
     812
     771
     795
     736
     760
     735
     808
     753
     792
     803
     719
     775
     765
     721
     723
     712
     721
     738
     751
     716
     700
     730
     752
     730
     721
     690
     693
     770
     726
     750
     728
     725
     688
     729
     742
     767
     698
     738
     737
     694
     684
     717
     706
     693
     688
     716
     674
     748
     693
     660
     693
     688
     705
     701
     664
     673
     692
     696
     682
     698
     689
     704
     758
     685
     725
     640
     683
     670
     663
     694
     657
     650
     654
     667
     706
     680
     645
     689
     649
     672
     674
     671
     662
     632
     663
     690
     670
     683
     695
     668
     625
     665
     638
     645
     673
     664
     654
     636
     680
     616
     615
     625
     685
     686
     622
     660
     663
     641
     634
     634
     670
     690
     640
     616
     651
     653
     642
     594
     601
     612
     598
     655
     608
     645
     659
     633
     624
     618
     613
     638
     592
     643
     632
     600
     667
     627
     657
     639
     600
     584
     632
     601
     656
     611
     622
     605
     653
     647
     635
     611
     639
     636
     561
     570
     589
     607
     655
     607
     609
     607
     635
     569
     621
     607
     598
     626
     590
     616
     621
     604
     563
     584
     583
     627
     618
     575
     625
     590
     605
     626
     609
     592
     662
     621
     638
     616
     624
     623
     581
     569
     614
     668
     572
     609
     632
     611
     609
     600
     586
     599
     577
     609
     624
     560
     586
     608
     590
     668
     628
     602
     592
     617
     646
     603
     651
     605
     619
     622
     605
     638
     612
     609
     651
     612
     639
     631
     638
     628
     611
     660
     645
     646
     611
     611
     613
     623
     660
     625
     633
     693
     610
     637
     647
     621
     637
     640
     678
     621
     630
     602
     639
     622
     609
     629
     649
     621
     700
     659
     681
     665
     612
     665
     668
     652
     678
     675
     649
     625
     673
     683
     641
     701
     644
     677
     728
     640
     755
     652
     691
     662
     679
     647
     744
     646
     688
     690
     667
     639
     692
     715
     780
     748
     725
     732
     747
     721
     723
     702
     753
     767
     691
     741
     736
     783
     712
     723
     757
     760
     823
     783
     782
     775
     757
     768
     768
     812
     796
     769
     778
     771
     826
     823
     804
     793
     810
     870
     831
     822
     804
     831
     857
     831
     893
     880
     883
     877
     877
     916
     918
     958
     913
     916
     908
     941
     942
     939
    1015
     993
     993
     965
     973
     989
    1004
     987
    1054
     997
    1059
    1053
    1105
    1054
    1113
    1139
    1091
    1089
    1139
    1138
    1141
    1182
    1081
    1146
    1179
    1195
    1192
    1233
    1229
    1273
    1246
    1272
    1312
    1296
    1318
    1311
    1363
    1348
    1340
    1371
    1413
    1447
    1418
    1437
    1462
    1429
    1462
    1482
    1498
    1521
    1602
    1573
    1493
    1652
    1670
    1631
    1676
    1632
    1710
    1707
    1757
    1737
    1767
    1801
    1795
    1920
    1853
    1870
    1893
    1863
    2031
    2013
    1957
    2067
    2037
    2055
    2134
    2109
    2132
    2094
    2228
    2188
    2214
    2283
    2310
    2336
    2389
    2313
    2402
    2353
    2394
    2463
    2532
    2569
    2567
    2597
    2569
    2644
    2690
    2731
    2743
    2715
    2768
    2805
    2915
    2792
    2844
    3018
    2961
    2975
    3074
    3054
    3155
    3157
    3224
    3195
    3255
    3345
    3319
    3334
    3426
    3427
    3465
    3460
    3666
    3545
    3564
    3669
    3685
    3628
    3752
    3693
    3769
    3862
    3746
    3902
    3910
    4011
    4060
    3997
    4016
    4017
    4119
    4221
    4208
    4238
    4392
    4322
    4345
    4333
    4412
    4424
    4491
    4423
    4526
    4587
    4724
    4588
    4755
    4691
    4649
    4734
    4786
    4912
    4956
    4834
    5003
    4956
    4959
    4978
    5101
    5130
    5030
    5173
    5196
    5280
    5158
    5296
    5234
    5315
    5359
    5481
    5298
    5469
    5449
    5349
    5449
    5435
    5527
    5502
    5508
    5608
    5634
    5578
    5652
    5478
    5687
    5520
    5866
    5757
    5815
    5826
    5749
    5830
    5760
    5766
    5837
    5747
    5797
    5893
    5782
    5889
    5824
    5914
    5904
    5782
    5939
    5950
    5821
    5953
    5919
    5859
    5919
    5913
    5821
    5897
    5905
    6031
    5934
    5790
    5801
    5759
    5776
    6021
    5772
    5876
    5878
    5802
    5719
    5752
    5693
    5760
    5754
    5862
    5586
    5738
    5682
    5729
    5596
    5632
    5595
    5418
    5632
    5623
    5613
    5407
    5594
    5467
    5439
    5398
    5317
    5442
    5294
    5375
    5295
    5280
    5323
    5221
    5213
    4973
    5103
    5230
    5032
    5132
    5084
    4982
    4933
    4921
    4893
    4832
    4791
    4867
    4810
    4744
    4783
    4682
    4790
    4589
    4530
    4446
    4431
    4326
    4373
    4332
    4381
    4382
    4306
    4134
    4157
    4288
    4080
    4127
    3965
    4017
    3970
    3915
    3897
    3880
    3813
    3752
    3756
    3831
    3742
    3681
    3621
    3579
    3438
    3480
    3374
    3316
    3330
    3226
    3371
    3220
    3168
    3163
    3149
    3117
    3058
    2871
    2918
    2908
    2880
    2778
    2745
    2852
    2775
    2865
    2754
    2612
    2614
    2567
    2497
    2561
    2469
    2391
    2437
    2355
    2364
    2350
    2317
    2210
    2211
    2123
    2103
    2094
    2082
    2121
    2048
    2022
    1982
    1952
    1881
    1903
    1874
    1806
    1799
    1801
    1707
    1712
    1741
    1581
    1638
    1634
    1599
    1549
    1496
    1591
    1459
    1457
    1481
    1355
    1448
    1379
    1347
    1293
    1309
    1234
    1198
    1260
    1165
    1145
    1235
    1190
    1187
    1018
    1088
    1119
    1084
    1044
     968
    1000
     973
     951
     989
     972
     893
     912
     904
     899
     888
     891
     863
     870
     860
     795
     791
     818
     751
     785
     712
     705
     713
     668
     687
     636
     716
     671
     619
     687
     624
     617
     629
     617
     582
     603
     539
     590
     581
     493
     583
     544
     537
     476
     490
     488
     493
     530
     488
     481
     506
     484
     456
     456
     466
     457
     466
     434
     400
     434
     400
     399
     410
     411
     386
     437
     369
     408
     384
     391
     418
     393
     356
     378
     377
     365
     368
     353
     379
     349
     359
     378
     327
     323
     335
     346
     328
     326
     350
     359
     338
     301
     324
     345
     316
     324
     318
     293
     294
     314
     295
     312
     286
     284
     308
     321
     283
     314
     296
     290
     261
     286
     273
     298
     313
     310
     287
     273
     271
     304
     274
     293
     272
     283
     293
     291
     301
     281
     285
     274
     279
     303
     283
     308
     244
     273
     299
     274
     270
     269
     283
     258
     279
     266
     271
     260
     324
     263
     297
     242
     285
     261
     278
     279
     281
     269
     250
     285
     278
     260
     266
     249
     268
     284
     253
     285
     263
     254
     306
     260
     275
     270
     277
     295
     260
     267
     276
     248
     245
     243
     286
     220
     235
     274
     277
     276
     242
     305
     259
     288
     273
     274
     264
     259
     262
     277
     289
     265
     251
     266
     265
     239
     250
     272
     266
     282
     312
     320
     267
     278
     239
     237
     266
     286
     232
     276
     264
     271
     265
     235
     276
     257
     281
     260
     244
     277
     273
     259
     270
     247
     280
     263
     263
     290
     284
     276
     247
     259
     244
     241
     245
     266
     253
     248
     284
     264
     262
     266
     266
     257
     254
     244
     270
     264
     220
     277
     234
     268
     268
     234
     273
     277
     243
     235
     255
     272
     289
     241
     279
     247
     244
     258
     269
     281
     273
     257
     257
     266
     255
     258
     256
     260
     280
     277
     239
     267
     265
     281
     260
     251
     289
     255
     242
     255
     241
     273
     257
     288
     264
     283
     273
     289
     263
     257
     274
     272
     219
     221
     266
     270
     276
     267
     291
     283
     247
     263
     248
     269
     265
     251
     255
     257
     253
     257
     283
     277
     263
     266
     271
     259
     276
     272
     262
     265
     253
     291
     292
     284
     257
     255
     275
     271
     243
     275
     249
     263
     250
     291
     257
     260
     275
     272
     287
     260
     281
     254
     284
     271
     269
     241
     245
     272
     239
     254
     245
     245
     249
     239
     297
     299
     257
     255
     248
     276
     273
     256
     296
     261
     274
     253
     237
     250
     257
     278
     259
     239
     262
     291
     266
     264
     233
     260
     259
     262
     282
     277
     264
     266
     260
     248
     251
     267
     268
     256
     259
     277
     253
     250
     237
     276
     298
     282
     290
     273
     280
     271
     269
     267
     267
     273
     255
     269
     266
     272
     244
     285
     258
     251
     221
     257
     243
     243
     263
     272
     260
     270
     247
     260
     275
     289
     263
     238
     277
     263
     268
     244
     286
     252
     254
     287
     242
     244
     272
     286
     282
     266
     301
     250
     257
     222
     277
     244
     270
     241
     296
     271
     258
     258
     245
     264
     256
     258
     280
     274
     271
     266
     270
     254
     257
     238
     263
     239
     265
     264
     264
     238
     255
     264
     281
     240
     262
     274
     253
     267
     258
     265
     270
     284
     304
     258
     266
     263
     280
     274
     244
     256
     263
     259
     262
     275
     272
     257
     248
     264
     286
     275
     283
     241
     301
     261
     264
     261
     282
     284
     246
     258
     248
     273
     241
     270
     287
     272
     270
     279
     284
     267
     244
     255
     279
     271
     257
     274
     294
     272
     272
     287
     235
     267
     271
     309
     273
     278
     270
     248
     285
     252
     274
     280
     280
     294
     250
     284
     245
     256
     269
     264
     253
     252
     286
     287
     276
     276
     290
     264
     266
     295
     241
     270
     257
     263
     265
     256
     306
     229
     274
     255
     260
     279
     284
     259
     259
     224
     285
     294
     278
     249
     239
     260
     262
     265
     264
     234
     263
     286
     262
     269
     238
     273
     249
     273
     293
     302
     249
     273
     250
     257
     263
     271
     252
     257
     232
     268
     247
     294
     254
     272
     287
     248
     249
     266
     264
     279
     298
     263
     259
     235
     251
     269
     262
     260
     272
     290
     268
     246
     248
     275
     273
     250
     286
     272
     300
     272
     269
     265
     278
     247
     243
     246
     245
     255
     278
     278
     276
     265
     261
     259
     249
     258
     248
     253
     245
     257
     275
     270
     259
     231
     264
     265
     242
     285
     238
     277
     277
     252
     261
     253
     235
     259
     261
     274
     255
     250
     255
     296
     260
     235
     232
     278
     237
     268
     265
     285
     277
     259
     250
     257
     267
     268
     258
     273
     260
     257
     269
     276
     260
     268
     265
     249
     268
     291
     265
     255
     271
     245
     260
     239
     248
     242
     253
     260
     255
     249
     258
     273
     265
     227
     278
     234
     276
     251
     248
     254
     265
     248
     237
     266
     230
     277
     254
     259
     253
     272
     247
     249
     264
     253
     260
     232
     265
     258
     220
     256
     248
     237
     239
     245
     249
     260
     252
     267
     247
     243
     251
     239
     257
     250
     268
     290
     268
     246
     239
     260
     255
     249
     257
     260
     231
     253
     219
     246
     258
     260
     230
     242
     291
     263
     250
     243
     274
     258
     273
     284
     270
     259
     245
     267
     293
     282
     272
     266
     237
     258
     278
     242
     265
     259
     229
     224
     270
     231
     245
     251
     247
     236
     251
     261
     235
     279
     255
     248
     241
     255
     285
     256
     246
     280
     247
     248
     257
     253
     248
     258
     268
     258
     243
     256
     249
     252
     262
     236
     244
     246
     253
     233
     255
     251
     244
     249
     270
     263
     261
     238
     261
     242
     295
     262
     282
     257
     281
     231
     246
     257
     255
     236
     259
     257
     258
     257
     248
     249
     261
     238
     250
     252
     245
     260
     250
     247
     247
     241
     243
     288
     233
     251
     247
     234
     252
     231
     256
     244
     245
     229
     250
     261
     237
     246
     274
     239
     244
     288
     252
     277
     259
     242
     242
     252
     231
     256
     250
     250
     251
     244
     250
     254
     250
     273
     251
     245
     241
     250
     231
     258
     229
     292
     263
     229
     256
     255
     269
     264
     257
     252
     256
     261
     275
     253
     258
     248
     275
     289
     263
     257
     281
     252
     236
     259
     253
     233
     242
     244
     269
     240
     230
     239
     227
     284
     259
     291
     249
     264
     263
     242
     233
     239
     273
     244
     310
     248
     275
     263
     245
     286
     256
     244
     255
     281
     252
     263
     270
     261
     246
     226
     270
     245
     243
     264
     250
     283
     251
     257
     230
     257
     258
     260
     258
     250
     242
     272
     241
     279
     266
     258
     261
     268
     249
     273
     248
     247
     244
     243
     238
     257
     231
     246
     263
     259
     289
     224
     271
     262
     232
     232
     232
     224
     232
     268
     258
     236
     254
     291
     273
     271
     262
     245
     270
     287
     266
     266
     236
     263
     277
     232
     276
     249
     275
     265
     268
     241
     283
     280
     286
     270
     243
     246
     253
     228
     269
     267
     258
     274
     257
     247
     278
     282
     286
     253
     263
     231
     249
     263
     234
     266
     248
     237
     254
     243
     265
     236
     256
     268
     261
     257
     235
     251
     267
     255
     264
     261
     293
     263
     271
     265
     254
     240
     247
     259
     244
     267
     258
     256
     267
     218
     293
     239
     293
     236
     266
     262
     248
     262
     270
     251
     260
     233
     273
     279
     273
     267
     251
     278
     251
     264
     257
     211
     260
     264
     270
     267
     256
     249
     270
     253
     267
     234
     248
     259
     262
     279
     276
     265
     254
     257
     288
     260
     264
     287
     252
     274
     284
     265
     285
     278
     247
     238
     279
     242
     261
     286
     270
     262
     249
     274
     254
     241
     259
     255
     233
     262
     234
     255
     248
     262
     240
     267
     279
     243
     230
     257
     255
     256
     257
     319
     254
     255
     282
     268
     254
     260
     259
     249
     263
     288
     247
     267
     259
     290
     235
     239
     250
     279
     274
     277
     277
     282
     278
     264
     257
     276
     231
     283
     255
     246
     294
     265
     279
     243
     266
     242
     251
     281
     255
     253
     304
     276
     281
     275
     221
     255
     278
     268
     264
     272
     255
     269
     262
     257
     293
     268
     281
     261
     276
     268
     253
     300
     276
     271
     234
     260
     268
     273
     234
     273
     255
     262
     287
     285
     248
     283
     252
     285
     282
     279
     235
     285
     270
     269
     282
     284
     311
     287
     269
     257
     243
     264
     260
     268
     247
     280
     242
     286
     295
     284
     253
     280
     263
     256
     259
     259
     288
     262
     255
     260
     252
     268
     279
     291
     272
     298
     290
     252
     270
     280
     265
     257
     270
     253
     262
     226
     289
     295
     266
     273
     292
     294
     276
     266
     290
     262
     245
     276
     245
     292
     270
     238
     282
     258
     268
     229
     270
     267
     277
     271
     244
     261
     281
     279
     268
     286
     293
     260
     268
     298
     265
     273
     258
     251
     289
     271
     278
     240
     265
     292
     283
     288
     293
     284
     267
     267
     283
     279
     266
     293
     271
     273
     281
     271
     288
     264
     264
     273
     268
     288
     259
     262
     268
     252
     294
     248
     280
     290
     284
     302
     267
     254
     255
     257
     268
     274
     285
     276
     265
     280
     290
     291
     292
     282
     287
     293
     272
     278
     260
     254
     276
     253
     276
     271
     258
     244
     293
     286
     240
     286
     242
     288
     263
     268
     248
     262
     281
     267
     256
     272
     276
     292
     264
     261
     274
     286
     278
     288
     265
     266
     272
     265
     278
     270
     271
     281
     312
     241
     273
     290
     246
     280
     271
     295
     277
     280
     297
     273
     279
     260
     285
     281
     280
     261
     287
     266
     288
     266
     306
     295
     273
     242
     285
     305
     276
     285
     272
     288
     255
     289
     247
     300
     291
     265
     261
     251
     296
     279
     285
     286
     276
     282
     263
     281
     283
     295
     309
     254
     276
     264
     299
     307
     290
     279
     264
     266
     296
     287
     258
     275
     258
     305
     280
     248
     260
     270
     292
     263
     296
     272
     283
     289
     278
     285
     278
     289
     290
     274
     283
     261
     286
     273
     274
     284
     284
     256
     298
     321
     276
     259
     268
     286
     253
     271
     298
     284
     270
     292
     286
     258
     298
     277
     267
     270
     295
     318
     280
     248
     286
     278
     262
     308
     291
     293
     272
     273
     295
     255
     299
     262
     244
     295
     278
     284
     256
     285
     279
     284
     245
     292
     283
     275
     287
     263
     273
     273
     259
     275
     290
     292
     276
     296
     285
     294
     272
     270
     264
     270
     286
     282
     321
     276
     297
     288
     293
     272
     283
     281
     277
     288
     294
     288
     267
     278
     282
     275
     294
     272
     303
     263
     261
     275
     273
     276
     278
     305
     255
     250
     283
     286
     297
     296
     289
     263
     260
     308
     259
     297
     279
     270
     275
     291
     286
     273
     285
     307
     253
     296
     286
     276
     316
     246
     310
     292
     317
     264
     285
     261
     287
     267
     287
     283
     278
     285
     295
     263
     306
     292
     314
     247
     264
     283
     265
     298
     304
     279
     303
     270
     271
     303
     299
     282
     269
     295
     274
     282
     302
     279
     277
     250
     291
     281
     298
     249
     271
     285
     259
     281
     266
     291
     279
     297
     296
     284
     295
     276
     281
     278
     277
     290
     274
     292
     288
     260
     284
     250
     310
     237
     294
     284
     295
     272
     288
     294
     280
     298
     279
     283
     258
     306
     293
     252
     266
     305
     278
     268
     283
     272
     271
     302
     277
     273
     278
     234
     274
     287
     262
     280
     276
     271
     255
     255
     298
     274
     253
     260
     282
     281
     249
     275
     265
     281
     251
     254
     261
     245
     258
     255
     261
     276
     244
     274
     258
     275
     240
     268
     258
     265
     280
     271
     261
     260
     259
     263
     254
     256
     291
     271
     266
     244
     272
     266
     231
     265
     255
     253
     248
     268
     260
     261
     266
     281
     226
     259
     266
     296
     242
     254
     250
     253
     228
     229
     238
     271
     253
     232
     228
     254
     218
     278
     259
     226
     285
     252
     267
     266
     246
     241
     244
     226
     254
     259
     275
     245
     243
     234
     247
     241
     243
     245
     235
     243
     258
     224
     234
     232
     231
     243
     219
     236
     229
     268
     217
     240
     234
     263
     217
     225
     243
     258
     245
     227
     232
     236
     238
     262
     213
     243
     214
     223
     239
     207
     225
     226
     228
     221
     234
     233
     216
     225
     233
     220
     232
     232
     217
     203
     235
     221
     201
     238
     213
     234
     213
     222
     228
     193
     200
     202
     223
     203
     204
     207
     210
     211
     208
     183
     198
     226
     182
     182
     191
     190
     177
     213
     183
     189
     203
     192
     205
     202
     205
     200
     197
     197
     218
     215
     212
     202
     224
     190
     229
     181
     186
     194
     182
     174
     189
     179
     199
     154
     162
     203
     185
     211
     175
     173
     166
     148
     182
     148
     176
     192
     175
     159
     165
     183
     173
     160
     174
     176
     162
     165
     186
     170
     170
     178
     158
     177
     152
     156
     173
     155
     180
     154
     162
     158
     164
     175
     181
     145
     181
     167
     164
     154
     159
     144
     165
     189
     153
     154
     147
     157
     170
     153
     146
     143
     154
     156
     174
     154
     164
     162
     159
     152
     165
     184
     158
     158
     138
     152
     141
     133
     164
     144
     160
     138
     149
     165
     128
     142
     142
     134
     118
     149
     160
     135
     136
     142
     112
     125
     143
     133
     130
     116
     120
      99
     133
     135
     132
     154
     128
     120
     140
     142
     119
     129
     149
     123
     148
     143
     122
     108
     125
     140
     137
     134
     128
     137
     110
     124
     126
     128
     119
     136
     119
     112
     121
     121
     150
     120
     109
     107
     116
     114
     105
     117
     120
     104
     104
     135
     123
     111
     121
     131
     101
     101
     132
     107
     123
     101
     111
     122
     108
     121
     109
     107
     116
     110
     118
     100
     114
      93
     111
      87
     116
     105
      94
     102
      99
     100
      96
      97
     112
     110
     115
     103
     110
     108
     107
     103
     103
     118
      94
      90
      97
      97
     120
     110
     108
      93
     107
     126
      84
     112
      96
      88
      93
     101
      82
      95
     106
     112
     102
      93
      87
      94
      81
     103
     105
      93
      84
      86
     116
      97
      93
     104
      82
      92
      89
      94
      91
      84
      68
     110
      86
      88
     112
     105
      83
      99
      96
      83
     101
      90
      85
      99
      77
     103
      94
      82
      94
      92
      97
      92
      93
      87
     109
      88
      88
      89
      89
      93
      94
      88
      91
      87
      96
      81
      98
      99
      79
      84
      82
      78
      89
      79
      80
      92
      89
      94
      89
     101
      79
      89
      96
      80
      97
      91
      76
      95
     103
      96
      89
      81
      90
     105
      93
      87
      72
      76
      92
      94
      85
      91
      93
      85
      77
     100
      83
     107
      84
      96
     109
      78
      96
      78
      84
      96
      98
      93
      86
      93
      94
      80
     102
      80
      94
      84
      90
      88
      96
      92
      87
      97
      79
      67
      78
      78
      96
     105
      93
     108
      98
      94
      88
      83
     103
      93
     103
     103
      82
      95
     103
      90
      80
      93
      92
     112
      92
      89
     105
      89
      92
     102
      83
      95
      98
      87
      99
     105
     115
     102
      97
      75
     101
      95
     105
     100
     111
      99
      98
      90
     100
      89
      99
      96
     107
     103
     108
     107
     101
      74
     107
      97
     107
      97
     100
      90
     105
     131
      94
     108
     108
     100
     129
      96
     112
     118
     107
     114
     120
     113
     119
     111
     118
      96
      91
     115
      96
      99
      95
     112
      86
     107
     117
      91
     120
     120
     136
     110
     110
      99
     116
     104
     109
     113
     109
     102
     122
     109
     143
     112
      98
     134
     129
     112
     110
     136
     127
     122
     109
     135
     120
     126
     154
     133
     137
     125
     121
     128
     114
     131
     116
     128
     116
     120
     123
     129
     133
     125
     119
     122
     138
     135
     122
     150
     153
     140
     148
     128
     123
     123
     158
     165
     139
     143
     156
     161
     122
     132
     156
     141
     151
     140
     152
     154
     156
     155
     167
     125
     150
     175
     163
     156
     177
     150
     156
     148
     166
     162
     168
     142
     174
     170
     176
     168
     188
     144
     147
     165
     187
     180
     183
     176
     204
     202
     188
     185
     152
     161
     193
     183
     196
     195
     197
     189
     171
     173
     178
     198
     196
     203
     204
     199
     206
     209
     230
     187
     204
     209
     210
     195
     207
     222
     216
     192
     227
     224
     221
     185
     231
     183
     230
     240
     242
     216
     225
     248
     230
     225
     220
     238
     243
     274
     266
     259
     248
     225
     253
     260
     281
     247
     238
     245
     237
     265
     257
     258
     266
     242
     258
     229
     252
     284
     303
     258
     267
     267
     244
     277
     312
     278
     293
     296
     283
     255
     253
     308
     317
     266
     305
     308
     310
     303
     319
     286
     296
     323
     326
     355
     323
     294
     321
     278
     335
     351
     301
     330
     367
     325
     327
     333
     375
     346
     351
     333
     394
     334
     388
     345
     328
     358
     374
     364
     331
     356
     367
     342
     346
     377
     399
     348
     411
     359
     394
     405
     357
     355
     403
     367
     399
     404
     425
     398
     407
     411
     412
     405
     365
     438
     390
     421
     404
     414
     375
     416
     392
     416
     404
     411
     423
     388
     406
     429
     423
     427
     435
     474
     483
     423
     450
     469
     479
     407
     462
     429
     448
     453
     429
     481
     461
     488
     489
     497
     487
     461
     513
     472
     505
     466
     471
     443
     426
     513
     451
     493
     505
     488
     516
     511
     504
     515
     532
     510
     504
     518
     477
     482
     514
     538
     481
     501
     551
     509
     517
     531
     552
     502
     526
     535
     525
     556
     527
     529
     573
     503
     555
     547
     554
     564
     594
     538
     555
     528
     580
     502
     580
     567
     541
     532
     553
     529
     535
     563
     589
     576
     598
     623
     548
     582
     565
     537
     575
     560
     577
     577
     577
     572
     574
     559
     592
     579
     570
     608
     580
     603
     580
     516
     569
     537
     583
     584
     608
     568
     597
     627
     610
     543
     592
     608
     563
     594
     580
     591
     596
     588
     593
     594
     612
     627
     613
     599
     585
     567
     608
     599
     589
     574
     592
     581
     584
     562
     613
     598
     567
     621
     589
     536
     619
     589
     597
     553
     574
     611
     577
     584
     603
     586
     548
     632
     565
     561
     604
     613
     611
     572
     554
     539
     585
     525
     585
     575
     573
     597
     589
     551
     585
     591
     544
     600
     539
     556
     587
     600
     561
     595
     558
     585
     607
     535
     571
     541
     562
     564
     579
     627
     527
     532
     592
     559
     512
     578
     548
     533
     535
     563
     532
     548
     538
     534
     568
     559
     565
     568
     580
     533
     524
     508
     559
     520
     507
     522
     548
     540
     553
     535
     512
     493
     483
     548
     493
     494
     456
     505
     450
     497
     516
     501
     535
     498
     477
     492
     506
     498
     456
     486
     504
     477
     496
     485
     480
     467
     480
     462
     433
     484
     488
     475
     451
     450
     425
     463
     441
     452
     443
     427
     423
     456
     436
     421
     483
     458
     402
     396
     435
     413
     427
     386
     416
     413
     417
     430
     399
     381
     418
     387
     373
     434
     405
     401
     412
     392
     383
     351
     379
     363
     395
     400
     359
     395
     367
     365
     393
     376
     363
     370
     334
     357
     346
     356
     317
     352
     361
     344
     324
     309
     313
     325
     303
     313
     317
     316
     291
     323
     335
     315
     299
     295
     296
     340
     312
     291
     326
     303
     306
     299
     295
     277
     284
     288
     259
     246
     269
     285
     295
     272
     289
     261
     285
     259
     278
     254
     235
     268
     236
     272
     277
     243
     281
     241
     242
     255
     258
     250
     255
     219
     231
     210
     236
     227
     241
     252
     210
     223
     226
     214
     190
     210
     215
     236
     200
     202
     210
     217
     229
     184
     185
     197
     209
     190
     197
     197
     183
     185
     192
     170
     194
     184
     177
     171
     173
     191
     167
     174
     150
     189
     183
     169
     174
     157
     166
     172
     137
     157
     150
     156
     150
     151
     130
     151
     167
     135
     146
     136
     148
     136
     141
     139
     108
     134
     131
     156
     120
     146
     119
     139
     133
     119
     109
     141
     131
     113
     108
     133
     105
      96
     123
     119
     123
     125
     123
     104
     107
     114
     102
     101
      91
     110
     105
     106
      99
      96
     120
      97
      95
      81
      86
     109
     107
      82
      86
      95
      92
      75
     108
      96
     109
      85
      74
      99
      72
      72
      77
      98
      83
      76
      80
      79
      87
      70
      86
      64
      61
      72
      76
      66
      55
      71
      80
      68
      73
      77
      62
      71
      55
      57
      70
      80
      63
      58
      63
      62
      57
      47
      68
      73
      56
      68
      63
      55
      54
      42
      45
      69
      61
      57
      51
      71
      62
      49
      53
      46
      39
      37
      60
      49
      39
      50
      59
      43
      41
      53
      48
      46
      47
      44
      42
      49
      47
      55
      42
      47
      37
      47
      45
      39
      43
      43
      45
      53
      45
      32
      41
      41
      37
      48
      35
      54
      44
      43
      36
      46
      28
      40
      32
      52
      33
      39
      34
      40
      36
      36
      33
      34
      32
      27
      47
      43
      34
      29
      31
      33
      31
      31
      24
      26
      32
      29
      36
      30
      26
      24
      28
      30
      28
      34
      31
      25
      29
      26
      24
      43
      21
      28
      28
      29
      24
      38
      29
      22
      27
      35
      31
      28
      35
      27
      26
      20
      25
      27
      19
      25
      17
      26
      25
      31
      19
      36
      20
      22
      25
      20
      22
      18
      29
      15
      23
      27
      26
      20
      22
      23
      26
      23
      25
      29
      14
      22
      21
      15
      24
      25
      24
      28
      15
      23
      25
      16
      23
      21
      27
      23
      23
      23
      19
      13
      21
      24
      18
      21
      27
      29
      21
      18
      24
      19
      24
      16
      22
      20
      15
      22
      22
      20
      22
      24
      19
      19
      26
      15
      22
      20
      21
      19
      20
      20
      20
      22
      19
      22
      14
      25
      15
      24
      25
      14
      24
      24
      14
      14
      12
      18
      23
      20
      16
      21
      20
      18
      22
      26
      19
      12
      29
      19
      15
      23
      27
      20
      20
      14
      24
      14
      21
      20
      23
      26
      15
      14
      25
      15
      24
      22
      20
      15
      18
      14
      24
      17
      27
      15
      14
      20
      12
      13
      18
      16
      20
      18
      16
      25
      17
      17
      17
      20
       9
      12
      18
      13
      20
      20
      23
      21
      16
      22
      28
      21
      17
      10
      21
      11
      18
      15
      22
      18
      19
      23
      22
      13
      19
      20
      15
      23
      18
      14
      23
      21
      18
      17
      18
      16
      24
      13
      17
      19
      16
      12
      13
      29
      18
      19
      23
      15
      13
      13
       5
      12
      20
      21
      18
      12
      13
      15
      20
      22
      19
      16
      14
      17
      19
      15
      14
      19
      16
      21
      21
      17
      15
      18
      16
      17
      11
      21
      11
      18
      15
      15
      20
      14
      16
      14
      23
      15
      20
      19
      23
       7
      18
      17
      18
      21
      26
      15
      31
      22
      22
      13
      22
      24
      16
      20
      14
      17
      12
      13
      10
      19
      14
      16
      17
      17
      13
      15
      12
      16
      18
      14
      20
      14
      16
      12
      14
      18
      15
      17
      17
      13
      11
      14
      15
      12
      16
      23
      15
      16
       8
      15
      14
      14
      15
      16
      18
      25
      18
      16
       6
      14
      16
      18
      20
      21
      12
      14
      14
      13
      16
      18
      11
      15
      17
      15
      15
      16
      27
      23
      19
      23
      13
      18
      17
      15
      16
      15
      19
      14
      16
      25
      18
      14
      14
      25
      12
      14
      25
      18
      21
      14
      15
      18
      15
      19
      13
      14
      19
      11
       7
      17
      12
      16
      15
      18
      15
      17
      21
      16
      23
      10
      16
      16
      15
       7
      14
      25
      14
      15
      17
      10
      23
      13
      12
      13
       9
      10
      20
      13
      12
      13
      16
      11
      13
      12
      15
      12
      18
      11
      18
      18
      16
      13
       9
      15
      13
      16
      18
      14
      12
      17
      15
      13
      17
       9
      10
      15
      17
      17
      15
      13
      18
      23
      16
      14
      17
      18
      23
      17
      15
      16
      15
      14
      12
      15
      18
       9
      12
      14
      10
      14
      18
      17
       9
      15
      12
      12
       9
      11
      18
      14
      15
       9
      14
      16
      14
      15
      11
      10
      15
      14
      12
      10
       9
      14
      12
      11
      10
      14
       9
       9
      10
      13
      13
       7
      19
      12
      11
       8
      18
      19
      13
      18
      13
      14
      16
      14
      11
       9
      21
       7
      15
      11
      18
      12
      14
      12
      11
       9
      12
      14
      17
      13
       8
      21
      19
      12
      17
      17
      10
       4
      11
       9
       8
      14
      12
       9
      18
      21
      14
      15
      10
      16
      17
      14
       6
      14
      10
      12
      15
      10
      14
      10
      19
       8
       9
      11
      26
      13
      14
      18
       9
      10
      15
      13
      11
      15
      11
      14
      16
      14
      11
       6
       9
       9
      12
       9
      11
      11
       7
      13
      10
       9
      12
      12
      14
       5
      13
      12
      16
      18
      14
      17
      20
      10
       7
      10
      10
      12
      18
       8
       9
      13
      14
      12
      14
       5
      11
      13
       9
      12
      19
      12
      12
      11
       9
      12
       7
      11
       9
      10
      12
      11
       8
      16
      17
      13
      10
       7
      13
       8
      10
      14
      14
      14
       8
       8
      15
       9
       9
       6
      10
      10
      15
       9
      15
       8
      11
       7
      13
       8
      13
      13
      10
      13
       9
       5
       7
      11
      14
      10
      11
      13
      14
       6
       8
      16
      11
       8
      11
      10
       9
      10
       8
       8
       8
      11
       5
      16
      12
      14
      12
      11
       3
       9
       6
      14
       7
      10
      14
      13
      13
       8
       8
      13
      10
       6
      11
      10
      11
       4
      10
       6
       8
      18
      12
       9
      10
      12
      10
       7
      13
       1
       7
       8
       7
       7
      13
       8
       7
       6
      10
      14
       7
      10
      10
       8
      12
      19
       2
      12
       5
       8
       7
       8
      11
       6
       8
       6
       8
      10
      10
      11
       9
       8
       5
       9
      17
       8
      13
      17
      10
      10
       9
      12
       5
       5
       7
       7
      12
      15
       6
      16
       9
       7
      12
       7
       9
       9
      12
       9
      11
       7
       6
       9
      10
       3
      11
      10
      11
      11
      10
       5
       5
      11
      11
       5
      15
      12
       6
      11
      15
       7
      10
       3
      10
       8
      12
       7
       8
      11
      11
      10
       7
       9
       9
      11
      11
       5
       7
       8
      12
      12
      18
      10
       4
       5
      12
       5
       7
       9
       6
       7
       6
       5
       9
       7
      11
      10
      12
       5
      10
       5
      10
       8
       5
       7
       8
       7
       2
       9
       5
       5
      11
       9
       4
      10
       8
       5
       6
       6
      10
       7
       9
       5
       5
       6
       8
       7
       5
       6
       7
       8
       6
       9
       7
       3
       5
       7
      10
       8
       7
       7
       9
       9
       5
       2
       8
       4
       9
       6
       9
      11
       7
       7
       9
       5
      10
       4
       3
       8
       5
       8
      10
       6
       7
       3
       6
       4
       8
       5
       6
       4
       3
       9
       9
       3
       9
       2
       6
      11
       6
       6
      10
       4
       8
       6
      10
       9
       5
       7
       7
       6
       6
       4
      10
       5
       5
      12
       8
       7
       5
       7
       9
       8
       8
       7
      12
       4
       7
       5
       6
       6
       7
       6
       2
      10
       5
       5
       5
       9
       8
       6
      10
       8
       6
       7
       8
       5
       5
       3
       9
       4
       5
       1
       9
       6
       3
       7
       4
       5
       9
       5
       3
      12
       6
       2
       8
      12
       7
       8
       7
       7
       6
       7
       5
       6
       3
       8
       7
       5
       9
       4
       6
       4
       5
       5
       6
       3
       9
       3
       5
       8
       7
       5
       6
       6
       8
       5
       4
       4
       5
       4
      10
       5
       4
      10
       4
       5
       7
       8
       3
       4
       6
       8
       7
      10
       6
       4
       8
       6
       4
       5
       6
       9
       4
       6
       4
       5
       9
       5
       4
       6
       3
      10
       7
       5
       2
       8
       3
       9
       3
       4
       3
       5
       1
       4
       2
       1
       2
       9
       9
       3
       4
       4
       9
       1
       6
       5
       2
       9
       4
       3
       5
       7
       7
       7
       8
       5
       6
       5
       6
       7
       2
       4
       2
       8
       2
      11
       7
       2
       4
       3
       5
       5
       3
       7
       5
       3
       5
       6
       7
       3
       6
       3
       7
       5
       4
       5
       7
       2
       3
       8
       2
       3
       7
       2
       3
       1
       5
       6
       9
       3
       4
       8
       6
       7
       6
       4
       3
       8
       2
       6
       3
       3
       4
       3
       4
       7
       8
       7
       3
       5
       5
       3
       3
       7
       7
       5
       5
       1
       1
       3
       5
       4
       3
       4
       4
       5
       4
       3
       4
       4
       4
       7
       4
       2
       5
       2
      10
       4
       6
       4
       5
       6
       5
       3
       8
       5
       4
       6
       9
       3
       3
       4
       6
       8
       5
       5
       3
       3
       3
       7
       5
      10
       5
       3
       8
       4
       5
       2
       1
       5
      11
       8
       3
       2
       7
       8
       8
       4
       6
       5
       7
       3
       6
      10
       3
       4
       7
       6
       1
       2
       6
       8
       6
       6
       4
      11
       6
       9
       7
       6
       4
       7
       1
       5
       7
       7
       6
       7
       8
      11
       8
       2
       5
       3
       3
       7
       7
       8
       6
       7
       7
       7
       4
       2
       7
       9
      11
       9
       8
       5
       6
      11
      11
       4
       4
       8
       5
       7
       7
       4
       6
       7
       5
       3
       6
       8
       6
       3
       3
       6
       3
       9
       7
       6
       8
       7
       8
       9
       6
       5
       4
       4
       5
       5
       7
       6
       6
       4
       3
       2
       7
      13
       7
       8
       6
       9
       3
       7
       7
       8
       5
       8
      10
       7
       5
       8
       6
       3
       4
       6
      10
      13
      15
       3
       9
       3
      13
       5
      12
      11
       4
       6
       9
      12
       7
       6
       5
       9
       7
       7
       6
       7
       9
       8
       9
       5
       6
       8
      13
       7
       6
       5
       4
       7
       4
      12
       6
       5
      10
       6
       9
      10
       5
      11
       7
       4
      12
       7
       7
       9
      10
      13
       6
      15
       8
       7
       9
       6
      14
      14
       9
       8
       9
       7
      14
       4
      10
       6
      14
      12
       6
       6
       7
      13
       9
       9
       8
       6
       5
       5
       4
       9
       8
      10
      10
      11
       6
       9
       6
      11
       9
       7
      10
      13
      10
       5
       6
       6
       7
       9
      10
      12
       6
       4
      10
      10
      12
       5
      13
       8
      11
       6
       8
      12
       5
       8
       8
      11
       6
      11
       7
       7
       9
      12
      10
       9
       9
      10
      11
       4
       6
      15
       4
       6
      10
      12
       8
       9
      13
       6
       7
      10
      12
       9
       8
      10
      13
      12
      15
      17
       2
      14
       8
       3
       9
       8
       2
      14
      11
       8
      12
      11
      12
      11
      12
      10
      12
      11
      13
       4
      10
      11
       9
      14
      10
      12
      14
      14
      13
      10
      10
       5
       3
      12
      10
       7
       8
      13
      12
       9
       9
      11
       5
       3
      12
       2
      11
       9
      12
      13
      11
       8
       9
      14
      14
      16
       9
      11
      15
       7
      12
       7
      11
       8
      13
       7
      14
      12
       7
       9
       8
      10
      11
       9
       7
       7
       9
       9
      12
       9
       9
      18
       8
      11
       6
       9
      10
       3
       7
      16
       8
       9
       5
       7
       7
       9
      12
       5
       9
       7
       9
      12
       7
      10
       7
      14
       9
       8
      10
      11
       9
       6
       8
       6
       9
       6
       8
       9
      10
      10
       7
       9
      11
       5
       5
      11
       6
       7
      10
      13
       5
      12
      13
       4
       8
       7
       5
       9
       9
      11
      13
       2
       7
       8
       8
      12
       7
      11
      14
       7
       8
      15
       6
      11
      15
       5
       7
      16
      16
       8
       3
       7
      14
       9
       6
       6
      12
       6
       5
       8
       9
      10
       7
       9
       9
       8
       9
       9
       4
       5
       9
       9
       8
       4
       8
       5
       8
       4
      12
       7
      14
       5
       7
       6
      13
       6
      11
      15
       9
       6
       8
       5
      10
       5
       5
       4
       4
       4
       6
      10
       7
       6
      10
       8
       5
       5
       4
       6
       6
       5
       3
       3
       3
       6
       5
      10
       7
       8
       6
       7
       8
       4
       7
       8
       7
      13
       5
       5
       4
       4
       6
       4
       9
      10
       7
       5
       7
       6
      12
       8
       7
       6
       3
       7
       6
       6
       3
       7
       4
       4
       5
       4
       4
       6
       4
       6
      11
       4
       2
       6
       5
       3
       5
       6
       4
       3
       6
       2
       2
       4
       6
       4
       3
      11
       3
       6
       6
       7
       3
       1
       4
       3
       2
       3
       3
       4
       5
       8
       2
       7
       8
       7
       7
       7
       6
       3
       3
       0
       5
       5
       6
       5
       7
       4
       0
       2
       2
       3
       7
       6
       2
       2
       1
       2
       3
       8
       4
       5
      10
       3
       2
       2
       2
       7
       2
       3
       5
       4
       2
       5
       2
       2
       5
       4
       0
       2
       6
       7
       4
       6
       2
       7
       5
       5
       4
       3
       4
       3
       5
       4
       4
       3
       6
       3
       1
       7
       2
       2
       0
       8
       1
       2
       5
       4
       2
       2
       3
       3
       4
       5
       5
       2
       2
       2
       2
       3
       2
       0
       2
       3
       5
       3
       4
       2
       3
       5
       1
       0
       3
       2
       5
       1
       1
       2
       2
       2
       1
       2
       0
       4
       2
       1
       3
       2
       2
       1
       2
       0
       0
       1
       1
       1
       3
       1
       3
       0
       4
       4
       3
       2
       3
       2
       2
       0
       1
       2
       0
       2
       4
       4
       1
       1
       1
       4
       1
       3
       1
       1
       3
       2
       1
       3
       1
       2
       1
       2
       1
       1
       3
       2
       3
       1
       1
       0
       2
       1
       2
       2
       2
       0
       0
       2
       2
       3
       1
       1
       3
       0
       1
       3
       1
       1
       2
       2
       2
       1
       0
       1
       1
       1
       1
       1
       0
       0
       2
       1
       2
       3
       2
       1
       0
       1
       0
       2
       4
       0
       1
       1
       1
       2
       2
       1
       0
       0
       0
       0
       2
       1
       2
       1
       1
       1
       0
       1
       1
       3
       1
       1
       0
       2
       0
       2
       0
       1
       0
       1
       1
       1
       0
       1
       3
       1
       1
       0
       0
       3
       1
       0
       0
       1
       0
       1
       2
       1
       1
       0
       2
       0
       3
       2
       0
       1
       1
       0
       0
       0
       0
       1
       0
       2
       2
       2
       1
       2
       0
       0
       0
       1
       1
       1
       2
       2
       1
       1
       0
       0
       1
       1
       1
       0
       1
       2
       0
       0
       0
       0
       1
       0
       1
       2
       0
       1
       2
       0
       0
       1
       3
       0
       2
       1
       0
       1
       3
       0
       0
       1
       0
       1
       1
       0
       1
       0
       0
       0
       2
       0
       0
       1
       2
       0
       0
       0
       0
       1
       2
       0
       0
       3
       1
       1
       0
       1
       0
       0
       0
       0
       1
       0
       2
       1
       0
       1
       0
       0
       2
       1
       0
       0
       1
       1
       2
       6
       0
       1
       3
       2
       0
       0
       2
       0
       0
       2
       0
       1
       1
       1
       1
       0
       2
       1
       0
       0
       0
       1
       0
       0
       1
       0
       1
       3
       0
       0
       0
       0
       2
       0
       1
       0
       0
       0
       1
       1
       0
       1
       0
       1
       1
       1
       1
       0
       0
       1
       1
       1
       3
       1
       1
       1
       0
       1
       2
       1
       1
       1
       0
       0
       0
       1
       1
       0
       1
       0
       2
       0
       0
       2
       2
       0
       3
       4
       0
       0
       1
       0
       0
       0
       0
       0
       3
       3
       1
       0
       0
       0
       0
       2
       1
       1
       0
       0
       0
       0
       0
       1
       1
       2
       0
       2
       1
       0
       1
       0
       2
       1
       0
       1
       3
       0
       1
       0
       1
       0
       0
       0
       1
       0
       1
       0
       2
       1
       0
       1
       1
       2
       0
       0
       1
       0
       1
       0
       2
       2
       2
       0
       0
       1
       0
       0
       2
       0
       3
       0
       1
       0
       0
       1
       1
       1
       0
       1
       1
       0
       0
       0
       1
       1
       0
       0
       1
       2
       1
       0
       0
       1
       1
       1
       2
       0
       0
       1
       1
       1
       0
       0
       0
       2
       0
       0
       0
       1
       0
       1
       1
       1
       1
       0
       1
       2
       0
       2
       1
       0
       1
       0
       2
       1
       0
       0
       0
       0
       2
       2
       0
       1
       0
       1
       1
       2
       2
       1
       0
       2
       0
       3
       0
       0
       0
       1
       1
       0
       0
       1
       1
       0
       1
       0
       2
       0
       0
       2
       1
       1
       1
       0
       2
       1
       0
       1
       2
       0
       0
       0
       1
       0
       1
       2
       0
       0
       0
       1
       0
       1
       0
       0
       1
       1
       0
       1
       1
       1
       1
       1
       2
       0
       0
       1
       1
       0
       1
       1
       2
       1
       0
       1
       1
       1
       0
       0
       1
       2
       1
       1
       2
       2
       1
       2
       0
       0
       0
       0
       1
       0
       3
       0
       0
       2
       0
       0
       0
       0
       0
       0
       0
       1
       1
       0
       0
       1
       0
       0
       2
       1
       1
       0
       1
       1
       1
       0
       1
       0
       0
       0
       1
       1
       0
       0
       0
       0
       2
       2
       1
       1
       0
       1
       0
       0
       0
       0
       1
       2
       2
       0
       1
       0
       0
       1
       1
       0
       0
       2
       1
       0
       0
       3
       1
       1
       0
       0
       3
       2
       1
       0
       1
       2
       0
       1
       2
       0
       0
       1
       0
       0
       1
       0
       0
       1
       0
       0
       0
       0
       2
       1
       0
       1
       1
       1
       0
       2
       1
       1
       1
       0
       0
       0
       0
       0
       2
       0
       1
       3
       0
       0
       1
       0
       0
       1
       1
       0
       2
       0
       0
       0
       2
       0
       0
       0
       2
       0
       0
       0
       0
       0
       1
       0
       0
       1
       1
       2
       0
       0
       2
       1
       2
       2
       2
       0
       1
       0
       1
       2
       2
       1
       2
       0
       0
       2
       0
       3
       0
       3
       5
       2
       2
       3
       0
       3
       2
       4
       0
       2
       3
       1
       0
       1
       0
       3
       0
       1
       2
       2
       2
       2
       2
       1
       0
       2
       0
       2
       3
       2
       1
       0
       1
       0
       2
       2
       4
       2
       2
       3
       1
       0
       0
       2
       0
       2
       2
       2
       1
       3
       3
       1
       2
       2
       2
       1
       0
       0
       1
       0
       0
       0
       0
       1
       2
       3
       2
       1
       1
       0
       2
       6
       1
       1
       0
       0
       0
       1
       0
       1
       0
       0
       4
       0
       0
       0
       1
       0
       2
       1
       2
       1
       2
       1
       5
       2
       2
       2
       0
       1
       1
       3
       2
       1
       0
       1
       2
       2
       1
       0
       0
       0
       2
       0
       2
       0
       1
       3
       1
       2
       1
       1
       1
       2
       0
       2
       2
       0
       1
       0
       0
       1
       1
       1
       1
       0
       0
       1
       0
       1
       1
       0
       1
       1
       1
       0
       1
       0
       0
       1
       1
       1
       2
       0
       2
       2
       0
       1
       0
       1
       0
       2
       2
       3
       1
       2
       0
       0
       1
       1
       0
       0
       0
       1
       1
       1
       1
       0
       1
       0
       0
$ROI:
1
1522 2650
$PRESETS:
Integral
1716759
0
$ENER_FIT:
0.000000 0.253724
$MCA_CAL:
3
0.000000E+000 2.537239E-001 0.000000E+000 keV
$SHAPE_CAL:
3
0.000000E+000 0.000000E+000 0.000000E+000
