$SPEC_ID:
No sample description was entered.
$SPEC_REM:
DET# 1
DETDESC# DELL-755-LAB2 MCB 337
AP# Maestro Version 7.01
$DATE_MEA:
05/15/2024 11:29:59
$MEAS_TIM:
263 288
$DATA:
0 8191
       0
       0
       0
       0
       0
       0
       0
       0
       0
       0
       0
       0
       0
       0
       0
       0
       0
       0
       0
       0
       0
       0
       0
       0
       0
       0
       0
       0
       0
       0
       0
       0
       0
       0
       0
       0
       0
       0
       0
       0
       0
       0
       0
       0
       0
       0
       0
       0
       0
       0
       0
       0
       0
       0
       0
       0
       0
       0
       0
       0
       0
       0
       0
       0
       0
       0
       0
       0
       0
       0
       0
       0
       0
       0
       0
       0
       0
       0
       0
       0
       0
       0
       0
       0
       0
       0
       0
       0
       0
       0
       0
       0
       0
       0
       0
       0
       0
       0
       1
       0
       0
       0
       0
       0
       0
       0
       0
       0
       2
       0
       0
       0
       0
       0
       0
       0
       0
       0
       0
       0
       0
       0
       0
       0
       1
       0
       0
       0
       0
       0
       0
       0
       0
       0
       0
       0
       0
       0
       0
       0
       0
       0
       0
       0
       0
       0
       0
       0
       0
       0
       0
       0
       0
       0
       0
       0
       0
       0
       0
       0
       0
       0
       0
       0
       0
       0
       0
       0
       0
       0
       0
       0
       0
       0
       0
       0
       0
       0
       0
       0
       0
       0
       1
       1
       2
       2
       4
       8
       6
      12
      21
      24
      48
      64
      96
     111
     138
     182
     228
     239
     257
     333
     345
     333
     384
     402
     422
     462
     483
     472
     504
     476
     505
     492
     537
     528
     543
     558
     566
     609
     621
     640
     585
     589
     591
     631
     559
     599
     620
     658
     626
     622
     632
     622
     597
     637
     613
     612
     637
     649
     651
     606
     627
     625
     655
     599
     592
     611
     650
     639
     660
     623
     606
     620
     603
     650
     650
     657
     640
     621
     645
     620
     673
     594
     607
     591
     652
     616
     682
     666
     688
     642
     657
     663
     638
     666
     634
     631
     645
     627
     643
     668
     636
     647
     620
     665
     680
     713
     670
     674
     663
     679
     686
     656
     604
     672
     671
     646
     666
     644
     690
     682
     703
     689
     671
     682
     667
     661
     652
     675
     606
     675
     706
     693
     660
     644
     661
     643
     654
     639
     627
     672
     663
     734
     694
     649
     614
     650
     672
     676
     662
     680
     665
     695
     643
     642
     651
     664
     680
     614
     670
     639
     640
     662
     655
     645
     609
     637
     659
     602
     674
     638
     614
     669
     657
     666
     644
     692
     642
     618
     695
     666
     712
     657
     663
     659
     670
     665
     654
     668
     634
     617
     655
     666
     676
     653
     679
     644
     712
     679
     651
     665
     678
     636
     654
     658
     630
     674
     660
     690
     675
     702
     709
     681
     662
     689
     672
     661
     725
     719
     637
     619
     699
     654
     706
     703
     679
     673
     710
     722
     655
     703
     679
     662
     677
     679
     682
     677
     672
     706
     663
     641
     683
     703
     668
     640
     715
     685
     684
     706
     632
     668
     700
     659
     668
     679
     672
     690
     665
     653
     723
     739
     671
     694
     702
     727
     670
     697
     698
     662
     653
     659
     668
     693
     666
     719
     698
     680
     718
     714
     656
     727
     714
     655
     693
     695
     707
     720
     740
     699
     696
     676
     711
     710
     747
     728
     721
     690
     708
     721
     696
     678
     673
     721
     743
     707
     765
     740
     716
     764
     721
     755
     743
     687
     773
     712
     743
     729
     740
     775
     664
     699
     757
     758
     749
     760
     730
     662
     722
     704
     709
     777
     735
     749
     706
     812
     716
     713
     768
     743
     757
     782
     740
     726
     735
     766
     754
     704
     779
     735
     780
     782
     781
     699
     728
     747
     782
     737
     764
     758
     790
     782
     753
     712
     732
     765
     715
     734
     771
     744
     728
     704
     762
     709
     756
     764
     754
     782
     729
     773
     737
     835
     763
     748
     754
     784
     734
     723
     745
     713
     773
     789
     728
     743
     734
     792
     751
     755
     796
     743
     727
     726
     764
     760
     748
     766
     797
     796
     729
     733
     837
     774
     794
     815
     744
     764
     715
     803
     798
     786
     722
     806
     753
     764
     750
     806
     748
     750
     752
     793
     778
     715
     793
     778
     763
     833
     717
     754
     778
     793
     774
     767
     748
     703
     781
     778
     752
     791
     809
     800
     791
     785
     798
     751
     765
     739
     806
     775
     802
     758
     724
     785
     768
     804
     749
     771
     791
     782
     729
     739
     707
     729
     837
     783
     747
     820
     771
     757
     765
     789
     758
     741
     784
     755
     798
     774
     822
     743
     775
     820
     801
     770
     753
     793
     704
     763
     778
     764
     817
     756
     823
     749
     788
     796
     743
     785
     756
     800
     791
     807
     754
     779
     785
     789
     766
     778
     794
     785
     843
     812
     807
     788
     800
     794
     765
     790
     743
     823
     791
     778
     764
     801
     750
     778
     740
     782
     792
     830
     754
     848
     849
     784
     819
     795
     780
     779
     802
     820
     783
     798
     802
     786
     802
     803
     778
     793
     863
     796
     801
     822
     759
     787
     777
     862
     815
     857
     852
     849
     841
     795
     857
     839
     842
     841
     840
     833
     808
     855
     832
     819
     839
     798
     897
     848
     837
     850
     880
     896
     909
     888
     860
     871
     838
     915
     856
     872
     833
     877
     875
     870
     883
     904
     877
     894
     866
     841
     886
     929
     937
     896
     910
     937
     931
     935
     845
     922
     994
     918
     967
     943
     908
     899
     971
    1025
     921
    1001
     994
     967
     954
     975
    1042
     943
     951
    1007
     985
     995
     979
     990
    1047
    1042
     993
     994
     984
    1024
    1012
    1054
    1025
     995
     978
    1014
    1057
    1063
    1046
    1012
    1049
    1066
    1128
    1050
    1009
    1059
    1042
    1079
    1091
    1046
    1074
    1113
    1086
    1109
    1092
    1073
    1078
    1029
    1150
    1119
    1038
    1109
    1106
    1106
    1125
    1133
    1097
    1147
    1113
    1104
    1007
    1177
    1131
    1110
    1129
    1082
    1104
    1157
    1111
    1027
    1135
    1126
    1129
    1149
    1120
    1148
    1137
    1131
    1082
    1154
    1094
    1143
    1139
    1193
    1123
    1102
    1114
    1137
    1123
    1145
    1152
    1138
    1146
    1138
    1050
    1132
    1106
    1110
    1110
    1157
    1143
    1110
    1115
    1099
    1113
    1069
    1094
    1099
    1073
    1069
    1050
    1154
    1124
    1122
    1134
    1110
    1093
    1118
    1101
    1149
    1102
    1073
    1089
    1110
    1107
    1168
    1046
    1075
    1049
    1060
    1077
    1089
    1061
    1116
    1075
    1085
    1075
    1051
    1066
    1100
    1073
    1090
    1025
    1081
    1023
    1088
    1010
    1048
    1038
    1039
    1062
    1066
    1066
    1022
    1011
     999
    1011
    1056
    1006
     993
     979
     966
     995
    1036
    1027
    1003
     985
     963
     946
     980
     933
    1012
     944
    1001
     976
    1019
     981
     913
     964
     951
     943
    1007
     940
     943
     981
     990
     946
     903
     895
     882
     993
     952
     942
     940
     925
     963
     935
     886
     937
     982
     881
     925
     906
     937
     902
     886
     898
     841
     847
     918
     864
     877
     918
     886
     872
     928
     894
     863
     880
     904
     863
     850
     856
     855
     879
     887
     860
     851
     887
     876
     890
     854
     904
     878
     833
     858
     838
     858
     829
     883
     816
     846
     831
     801
     801
     810
     806
     789
     819
     844
     865
     801
     786
     842
     783
     814
     845
     766
     798
     798
     810
     814
     805
     771
     794
     767
     750
     744
     800
     769
     765
     740
     780
     822
     817
     783
     801
     778
     792
     759
     780
     770
     804
     795
     741
     687
     704
     718
     731
     741
     766
     735
     762
     694
     741
     771
     733
     730
     728
     727
     709
     758
     690
     770
     759
     729
     702
     735
     801
     761
     726
     691
     750
     753
     730
     736
     732
     721
     726
     711
     722
     696
     707
     723
     723
     683
     704
     728
     685
     720
     706
     685
     714
     698
     685
     739
     729
     665
     712
     676
     665
     710
     644
     721
     636
     702
     661
     714
     676
     710
     697
     662
     663
     705
     649
     651
     699
     663
     658
     678
     671
     686
     710
     686
     695
     683
     686
     689
     735
     660
     667
     683
     643
     669
     700
     644
     672
     684
     681
     660
     616
     638
     658
     630
     712
     689
     595
     665
     646
     654
     661
     640
     648
     678
     609
     635
     658
     676
     628
     652
     639
     614
     618
     690
     668
     660
     620
     636
     639
     605
     627
     627
     640
     653
     621
     707
     630
     609
     618
     595
     672
     613
     582
     613
     596
     598
     620
     621
     648
     604
     631
     617
     617
     614
     597
     591
     589
     623
     554
     561
     592
     650
     563
     588
     622
     589
     589
     615
     632
     580
     557
     651
     619
     620
     614
     579
     589
     598
     605
     601
     575
     605
     570
     602
     600
     571
     550
     612
     605
     552
     565
     563
     607
     613
     589
     605
     595
     587
     597
     600
     631
     573
     613
     609
     545
     605
     539
     571
     621
     531
     571
     537
     627
     544
     587
     586
     555
     585
     628
     561
     581
     566
     595
     550
     586
     577
     570
     569
     580
     545
     556
     503
     555
     601
     575
     545
     505
     514
     567
     554
     597
     579
     538
     597
     555
     577
     574
     549
     580
     581
     574
     557
     534
     565
     545
     562
     572
     563
     543
     581
     533
     536
     550
     507
     508
     558
     556
     553
     561
     515
     569
     578
     562
     529
     571
     525
     593
     547
     527
     502
     547
     590
     558
     505
     521
     517
     563
     544
     518
     569
     534
     528
     578
     519
     495
     526
     545
     521
     530
     548
     531
     555
     549
     530
     567
     542
     506
     530
     580
     568
     534
     517
     513
     543
     518
     548
     520
     526
     496
     547
     548
     554
     504
     524
     531
     501
     495
     527
     501
     540
     545
     472
     505
     524
     500
     475
     534
     539
     526
     488
     499
     554
     541
     504
     528
     534
     527
     519
     517
     512
     497
     510
     528
     501
     535
     529
     518
     526
     503
     543
     507
     488
     500
     553
     532
     535
     519
     481
     497
     517
     496
     532
     533
     519
     490
     505
     536
     521
     535
     477
     479
     502
     471
     478
     535
     507
     566
     526
     522
     538
     497
     466
     500
     515
     500
     514
     481
     509
     533
     487
     514
     471
     481
     485
     534
     523
     486
     497
     481
     519
     457
     539
     493
     504
     504
     522
     478
     513
     516
     490
     486
     494
     476
     485
     531
     451
     467
     557
     476
     499
     515
     471
     476
     522
     533
     471
     499
     496
     511
     538
     486
     492
     489
     555
     468
     473
     476
     466
     487
     527
     494
     461
     528
     467
     478
     475
     512
     496
     487
     479
     503
     492
     511
     496
     496
     497
     503
     512
     471
     503
     472
     483
     516
     483
     501
     463
     542
     484
     481
     478
     488
     464
     520
     514
     475
     498
     448
     447
     507
     475
     471
     531
     479
     484
     493
     528
     469
     527
     481
     482
     485
     464
     502
     481
     461
     523
     501
     486
     435
     498
     505
     410
     478
     468
     475
     460
     491
     504
     508
     466
     452
     478
     473
     492
     504
     463
     496
     466
     472
     478
     519
     452
     489
     466
     493
     447
     507
     447
     475
     473
     462
     498
     444
     452
     450
     483
     498
     472
     498
     529
     475
     466
     477
     486
     515
     513
     492
     457
     472
     471
     481
     478
     456
     489
     478
     429
     485
     492
     487
     489
     476
     498
     468
     530
     520
     498
     479
     486
     486
     498
     481
     501
     507
     453
     464
     464
     425
     455
     451
     482
     449
     461
     473
     482
     453
     448
     516
     436
     437
     464
     461
     459
     464
     470
     447
     463
     411
     486
     513
     482
     511
     428
     476
     461
     444
     433
     459
     454
     447
     467
     467
     470
     442
     440
     471
     488
     495
     454
     469
     523
     485
     456
     465
     459
     457
     468
     458
     421
     477
     459
     461
     461
     410
     508
     471
     437
     494
     447
     449
     436
     421
     481
     484
     473
     462
     418
     480
     472
     448
     474
     485
     459
     491
     453
     475
     457
     437
     449
     486
     462
     452
     453
     454
     461
     452
     443
     460
     423
     430
     459
     438
     472
     446
     455
     464
     468
     449
     465
     490
     482
     446
     464
     498
     465
     445
     459
     467
     487
     463
     476
     499
     501
     417
     467
     471
     452
     434
     460
     447
     454
     462
     438
     418
     459
     442
     447
     443
     453
     462
     435
     500
     438
     450
     479
     475
     439
     463
     448
     452
     433
     437
     476
     432
     471
     437
     484
     461
     440
     463
     441
     462
     479
     448
     473
     463
     460
     439
     470
     444
     427
     446
     474
     474
     509
     498
     453
     435
     470
     448
     471
     487
     416
     483
     448
     461
     455
     465
     481
     431
     452
     460
     480
     465
     461
     474
     435
     452
     434
     462
     452
     460
     455
     457
     456
     424
     483
     480
     447
     428
     471
     461
     489
     472
     434
     487
     494
     451
     444
     433
     435
     472
     468
     458
     457
     492
     471
     450
     466
     465
     470
     434
     440
     462
     455
     454
     451
     461
     479
     454
     473
     449
     398
     452
     466
     442
     458
     463
     429
     457
     479
     444
     469
     460
     428
     440
     434
     446
     504
     445
     414
     463
     434
     417
     457
     445
     461
     452
     426
     498
     479
     401
     442
     484
     437
     482
     430
     453
     471
     426
     451
     428
     461
     496
     463
     455
     439
     452
     449
     458
     416
     491
     472
     459
     447
     452
     470
     474
     454
     454
     429
     490
     457
     433
     462
     473
     440
     452
     472
     452
     439
     487
     450
     453
     476
     439
     464
     397
     460
     450
     423
     410
     425
     421
     467
     439
     459
     462
     457
     423
     413
     403
     441
     495
     489
     488
     475
     470
     486
     448
     451
     475
     487
     449
     441
     450
     431
     443
     457
     466
     455
     413
     431
     439
     488
     448
     446
     478
     454
     472
     472
     429
     435
     460
     455
     431
     450
     464
     471
     457
     442
     414
     453
     434
     438
     461
     444
     453
     467
     448
     467
     443
     416
     455
     417
     475
     435
     439
     405
     447
     451
     433
     436
     447
     450
     410
     430
     413
     420
     427
     449
     475
     436
     439
     430
     456
     437
     430
     434
     461
     443
     451
     480
     494
     467
     432
     424
     436
     437
     445
     396
     428
     442
     424
     456
     470
     419
     455
     429
     493
     444
     452
     446
     424
     410
     451
     428
     450
     478
     438
     426
     450
     429
     460
     453
     435
     443
     445
     446
     439
     446
     400
     451
     410
     445
     415
     449
     438
     449
     446
     439
     439
     443
     473
     456
     417
     434
     448
     418
     429
     451
     447
     452
     427
     463
     444
     438
     464
     433
     438
     401
     436
     424
     407
     428
     466
     420
     428
     446
     444
     474
     480
     427
     394
     430
     434
     416
     468
     388
     429
     424
     390
     446
     475
     469
     418
     434
     434
     449
     393
     466
     445
     449
     408
     438
     418
     428
     422
     403
     425
     431
     430
     417
     404
     402
     456
     432
     448
     433
     425
     445
     417
     423
     432
     434
     440
     445
     406
     470
     415
     483
     451
     410
     407
     442
     420
     452
     440
     424
     399
     441
     396
     419
     405
     444
     454
     433
     448
     427
     444
     430
     451
     475
     446
     413
     420
     446
     411
     429
     458
     392
     469
     449
     410
     418
     393
     418
     429
     411
     398
     471
     429
     423
     434
     439
     438
     429
     422
     435
     387
     439
     413
     425
     429
     421
     416
     460
     424
     446
     420
     414
     460
     426
     433
     424
     419
     409
     429
     466
     403
     428
     442
     404
     414
     438
     403
     398
     447
     444
     440
     423
     456
     414
     418
     423
     428
     436
     438
     445
     420
     444
     437
     398
     414
     423
     413
     458
     458
     421
     448
     428
     398
     406
     457
     444
     456
     442
     421
     429
     410
     438
     425
     410
     404
     404
     448
     429
     416
     427
     420
     430
     400
     426
     377
     423
     434
     420
     463
     446
     429
     412
     429
     409
     460
     446
     454
     479
     409
     420
     437
     386
     424
     436
     394
     437
     414
     425
     404
     434
     439
     415
     411
     475
     407
     468
     423
     428
     441
     388
     441
     432
     425
     419
     444
     458
     426
     425
     465
     447
     450
     452
     449
     410
     421
     428
     436
     420
     392
     479
     446
     409
     408
     442
     409
     424
     412
     401
     456
     467
     424
     421
     443
     480
     422
     380
     427
     417
     431
     444
     419
     405
     425
     401
     408
     421
     399
     424
     435
     415
     432
     405
     414
     455
     415
     424
     416
     409
     375
     426
     420
     445
     425
     400
     365
     382
     368
     448
     411
     388
     468
     427
     428
     457
     459
     408
     454
     396
     442
     450
     452
     409
     411
     423
     426
     411
     427
     426
     414
     431
     415
     406
     428
     459
     453
     465
     379
     416
     413
     416
     423
     478
     453
     383
     441
     384
     408
     404
     393
     455
     418
     410
     420
     440
     436
     446
     401
     421
     447
     412
     428
     419
     422
     423
     447
     461
     417
     410
     424
     410
     463
     406
     443
     441
     452
     398
     408
     449
     422
     406
     426
     446
     437
     432
     451
     436
     370
     380
     440
     422
     450
     421
     453
     479
     462
     367
     426
     437
     395
     420
     427
     385
     427
     456
     453
     464
     416
     424
     438
     429
     413
     423
     399
     502
     409
     417
     434
     400
     446
     422
     440
     449
     364
     421
     476
     405
     453
     405
     369
     424
     440
     399
     403
     410
     448
     391
     448
     438
     427
     434
     465
     435
     420
     458
     443
     412
     409
     450
     440
     414
     406
     422
     431
     426
     396
     412
     425
     461
     464
     429
     404
     449
     467
     448
     410
     453
     408
     441
     431
     425
     453
     404
     429
     453
     426
     433
     432
     421
     446
     446
     433
     422
     409
     411
     430
     435
     417
     433
     430
     439
     481
     440
     415
     419
     443
     424
     476
     421
     424
     425
     434
     440
     435
     448
     434
     465
     469
     439
     396
     433
     429
     427
     411
     449
     419
     456
     442
     419
     460
     418
     400
     444
     440
     449
     442
     459
     399
     435
     438
     456
     439
     443
     399
     441
     410
     412
     430
     421
     441
     411
     447
     429
     417
     430
     473
     412
     456
     426
     444
     424
     438
     415
     432
     460
     426
     455
     411
     415
     413
     432
     444
     405
     412
     446
     439
     399
     411
     424
     454
     414
     421
     420
     420
     433
     441
     428
     428
     441
     420
     430
     430
     404
     444
     486
     450
     411
     440
     427
     435
     426
     432
     458
     416
     390
     425
     452
     400
     449
     445
     424
     420
     428
     437
     409
     463
     434
     453
     445
     439
     461
     447
     467
     447
     432
     410
     422
     422
     404
     431
     468
     449
     454
     439
     428
     475
     447
     397
     426
     458
     458
     410
     467
     456
     452
     426
     428
     484
     427
     406
     428
     423
     441
     459
     406
     412
     440
     469
     443
     423
     403
     396
     447
     421
     477
     456
     405
     410
     412
     454
     445
     434
     430
     459
     454
     427
     402
     463
     426
     446
     435
     423
     422
     425
     427
     451
     446
     476
     460
     482
     411
     437
     452
     448
     435
     441
     496
     450
     441
     409
     420
     449
     474
     422
     431
     423
     435
     422
     434
     421
     430
     431
     407
     479
     439
     449
     458
     475
     453
     456
     423
     420
     430
     422
     394
     454
     434
     427
     467
     429
     429
     502
     390
     439
     427
     433
     479
     422
     414
     435
     440
     443
     409
     483
     435
     426
     424
     450
     417
     485
     446
     446
     446
     430
     432
     464
     417
     425
     460
     485
     446
     432
     452
     464
     456
     442
     443
     455
     415
     470
     445
     454
     480
     440
     456
     435
     452
     435
     455
     472
     438
     424
     450
     458
     435
     423
     429
     406
     461
     447
     469
     421
     440
     416
     468
     428
     453
     430
     449
     430
     446
     452
     437
     429
     486
     432
     455
     424
     459
     429
     458
     426
     421
     452
     448
     449
     443
     440
     425
     462
     446
     442
     443
     468
     438
     428
     474
     453
     432
     474
     469
     474
     446
     403
     413
     430
     455
     404
     448
     465
     458
     459
     457
     479
     483
     502
     471
     459
     429
     490
     441
     409
     477
     476
     455
     474
     456
     451
     457
     463
     464
     435
     430
     445
     445
     443
     447
     438
     486
     458
     472
     439
     459
     435
     453
     401
     459
     423
     478
     455
     451
     462
     449
     436
     460
     490
     462
     458
     482
     464
     484
     475
     424
     469
     413
     462
     490
     456
     470
     443
     440
     448
     462
     458
     434
     449
     435
     459
     460
     469
     467
     481
     489
     437
     475
     445
     468
     415
     448
     452
     478
     444
     437
     444
     478
     445
     474
     466
     438
     463
     487
     476
     454
     460
     459
     459
     492
     453
     505
     486
     459
     434
     461
     470
     480
     466
     446
     478
     479
     492
     447
     466
     454
     462
     483
     479
     453
     431
     484
     449
     462
     488
     416
     461
     446
     439
     456
     444
     508
     480
     486
     459
     440
     478
     490
     474
     445
     460
     486
     458
     431
     483
     485
     492
     434
     422
     437
     457
     451
     460
     474
     461
     444
     470
     446
     459
     478
     481
     463
     445
     449
     427
     459
     496
     438
     437
     467
     449
     457
     485
     474
     501
     461
     427
     454
     480
     450
     464
     468
     438
     459
     478
     480
     516
     438
     500
     450
     470
     441
     463
     484
     468
     472
     460
     452
     474
     477
     480
     483
     463
     475
     482
     489
     479
     470
     489
     486
     478
     501
     470
     476
     514
     492
     456
     471
     464
     438
     482
     463
     449
     463
     474
     434
     503
     506
     466
     466
     461
     472
     469
     470
     477
     467
     481
     459
     470
     496
     493
     493
     480
     496
     506
     431
     466
     470
     473
     477
     463
     459
     508
     492
     473
     470
     487
     466
     480
     474
     476
     464
     445
     483
     478
     490
     476
     492
     473
     474
     457
     482
     444
     494
     493
     483
     530
     483
     516
     480
     486
     460
     499
     516
     458
     484
     486
     479
     494
     476
     472
     478
     527
     488
     491
     490
     518
     496
     514
     494
     512
     441
     437
     511
     495
     469
     502
     477
     470
     517
     472
     475
     471
     474
     494
     482
     491
     493
     478
     463
     462
     479
     503
     523
     489
     506
     478
     502
     464
     493
     501
     479
     478
     508
     509
     501
     497
     503
     498
     547
     439
     496
     487
     506
     477
     510
     505
     472
     490
     504
     484
     502
     470
     537
     460
     492
     474
     496
     527
     502
     436
     478
     468
     484
     474
     480
     507
     476
     508
     534
     523
     459
     495
     479
     510
     508
     532
     504
     485
     495
     471
     499
     464
     505
     519
     491
     499
     481
     518
     485
     491
     525
     507
     477
     508
     500
     527
     481
     516
     511
     492
     517
     510
     530
     479
     478
     476
     454
     490
     501
     494
     495
     454
     495
     490
     507
     492
     465
     493
     528
     513
     513
     503
     484
     513
     506
     479
     523
     476
     474
     480
     530
     492
     487
     460
     467
     544
     468
     487
     540
     505
     521
     511
     512
     479
     497
     490
     501
     507
     481
     464
     506
     507
     484
     493
     477
     500
     508
     506
     461
     567
     448
     466
     510
     456
     514
     508
     479
     501
     541
     529
     510
     488
     490
     492
     515
     506
     553
     498
     522
     480
     501
     507
     528
     506
     515
     514
     505
     512
     487
     462
     520
     477
     586
     518
     513
     559
     527
     455
     527
     508
     475
     525
     533
     495
     507
     504
     494
     481
     537
     521
     489
     499
     493
     509
     507
     484
     469
     524
     510
     499
     510
     471
     498
     516
     501
     504
     476
     499
     571
     480
     512
     505
     473
     534
     514
     503
     485
     467
     481
     482
     442
     531
     543
     527
     538
     481
     467
     496
     520
     486
     486
     488
     529
     519
     504
     489
     459
     501
     513
     507
     491
     531
     518
     484
     500
     507
     514
     474
     517
     513
     465
     528
     518
     501
     502
     491
     515
     510
     525
     520
     461
     499
     508
     542
     500
     471
     498
     523
     500
     481
     521
     464
     480
     500
     480
     497
     505
     519
     495
     488
     489
     472
     502
     485
     464
     483
     486
     464
     470
     533
     521
     490
     489
     491
     530
     504
     495
     519
     525
     495
     499
     502
     519
     513
     477
     509
     486
     515
     496
     482
     471
     522
     492
     479
     491
     477
     501
     502
     485
     485
     499
     485
     502
     474
     488
     503
     472
     488
     503
     486
     518
     478
     409
     491
     483
     514
     521
     521
     478
     437
     501
     494
     470
     546
     511
     485
     476
     479
     473
     454
     507
     432
     480
     474
     486
     439
     495
     497
     465
     489
     514
     464
     477
     453
     469
     483
     455
     483
     502
     471
     488
     497
     470
     501
     466
     470
     468
     495
     477
     466
     471
     468
     460
     479
     460
     469
     481
     431
     477
     467
     439
     471
     423
     445
     487
     466
     487
     444
     439
     479
     497
     465
     488
     471
     444
     423
     417
     424
     441
     455
     464
     451
     445
     471
     480
     478
     490
     447
     473
     492
     462
     463
     474
     456
     464
     441
     430
     458
     445
     435
     398
     463
     459
     450
     500
     449
     438
     457
     429
     446
     456
     458
     433
     477
     455
     407
     408
     440
     478
     427
     475
     441
     483
     411
     427
     421
     424
     418
     411
     421
     429
     445
     413
     437
     407
     446
     423
     415
     422
     392
     420
     434
     407
     398
     407
     406
     414
     383
     412
     446
     389
     438
     435
     431
     435
     426
     386
     398
     423
     458
     391
     409
     374
     416
     378
     426
     374
     370
     432
     397
     398
     399
     380
     440
     353
     376
     377
     421
     381
     390
     391
     370
     433
     358
     440
     407
     378
     452
     362
     356
     396
     397
     380
     383
     392
     347
     420
     383
     420
     416
     393
     391
     382
     364
     389
     392
     393
     349
     387
     378
     351
     365
     390
     408
     392
     371
     362
     377
     364
     328
     383
     337
     358
     357
     368
     378
     371
     374
     348
     414
     376
     357
     372
     370
     399
     409
     346
     387
     356
     380
     364
     367
     359
     386
     377
     355
     393
     359
     365
     326
     382
     407
     369
     349
     302
     378
     389
     356
     370
     377
     350
     366
     342
     356
     359
     345
     340
     354
     340
     371
     346
     320
     409
     359
     366
     348
     355
     319
     356
     327
     325
     382
     357
     326
     372
     354
     367
     335
     362
     360
     337
     358
     371
     326
     359
     350
     326
     380
     359
     354
     369
     355
     349
     333
     333
     367
     326
     328
     353
     348
     372
     333
     319
     334
     329
     348
     345
     328
     305
     333
     339
     353
     355
     315
     314
     334
     331
     330
     327
     322
     341
     331
     324
     350
     317
     320
     314
     350
     347
     358
     319
     329
     347
     340
     339
     342
     332
     332
     369
     305
     302
     336
     315
     353
     328
     342
     318
     295
     355
     327
     321
     345
     358
     346
     321
     318
     335
     315
     314
     322
     332
     311
     327
     335
     307
     337
     291
     342
     318
     321
     332
     331
     310
     295
     328
     324
     335
     323
     354
     316
     329
     341
     339
     324
     331
     325
     344
     334
     347
     324
     306
     310
     327
     316
     310
     311
     347
     313
     306
     333
     352
     328
     302
     309
     325
     321
     331
     313
     319
     336
     305
     330
     341
     349
     338
     334
     335
     278
     324
     329
     309
     336
     340
     317
     325
     295
     348
     332
     297
     317
     346
     296
     314
     327
     332
     355
     331
     350
     320
     310
     323
     322
     335
     301
     343
     318
     332
     329
     324
     302
     332
     315
     333
     330
     333
     338
     343
     277
     305
     324
     325
     328
     327
     363
     319
     310
     325
     321
     328
     291
     317
     326
     281
     310
     310
     318
     336
     320
     306
     335
     332
     337
     341
     315
     332
     339
     341
     317
     322
     323
     313
     327
     321
     286
     303
     314
     309
     295
     315
     324
     314
     323
     343
     314
     316
     325
     301
     316
     324
     304
     332
     322
     320
     334
     333
     308
     346
     337
     323
     347
     334
     312
     307
     325
     304
     305
     319
     345
     338
     310
     290
     359
     342
     327
     335
     325
     314
     324
     312
     311
     299
     342
     341
     354
     348
     313
     303
     322
     352
     344
     339
     372
     340
     323
     372
     335
     346
     313
     313
     341
     360
     322
     331
     345
     327
     339
     349
     315
     337
     360
     301
     344
     342
     381
     346
     337
     369
     314
     313
     309
     332
     371
     320
     344
     350
     325
     322
     365
     317
     349
     362
     326
     322
     358
     344
     317
     334
     348
     321
     286
     344
     359
     388
     376
     354
     334
     380
     318
     381
     324
     338
     357
     332
     376
     348
     354
     360
     311
     332
     354
     350
     337
     315
     354
     333
     349
     353
     350
     364
     329
     377
     375
     354
     369
     327
     378
     378
     384
     361
     380
     371
     384
     407
     380
     390
     332
     392
     406
     362
     343
     383
     389
     360
     383
     396
     387
     380
     388
     367
     342
     408
     402
     395
     395
     408
     402
     385
     357
     410
     397
     393
     389
     375
     376
     401
     389
     389
     393
     417
     410
     418
     371
     389
     423
     449
     362
     401
     423
     419
     418
     416
     398
     433
     425
     438
     443
     433
     401
     431
     394
     435
     397
     414
     426
     445
     437
     447
     401
     418
     441
     468
     450
     471
     425
     421
     407
     441
     451
     453
     384
     465
     472
     447
     442
     436
     453
     440
     488
     428
     456
     458
     483
     482
     496
     422
     478
     485
     491
     484
     430
     500
     487
     542
     520
     521
     468
     487
     518
     509
     544
     514
     487
     524
     497
     500
     487
     495
     490
     531
     481
     525
     541
     560
     552
     515
     522
     494
     548
     502
     555
     507
     516
     571
     575
     545
     537
     519
     584
     523
     575
     578
     580
     586
     599
     640
     567
     584
     598
     575
     591
     585
     582
     625
     564
     601
     597
     561
     620
     619
     601
     597
     602
     628
     600
     588
     577
     533
     635
     645
     573
     581
     618
     651
     592
     586
     649
     607
     625
     636
     630
     668
     639
     631
     636
     641
     649
     629
     641
     657
     641
     687
     668
     701
     702
     655
     679
     704
     637
     679
     699
     651
     666
     651
     661
     650
     665
     709
     686
     629
     726
     664
     652
     718
     659
     720
     685
     722
     664
     705
     640
     707
     755
     708
     731
     704
     725
     685
     702
     722
     676
     684
     715
     677
     675
     692
     728
     740
     708
     724
     735
     717
     751
     695
     691
     781
     727
     734
     704
     709
     712
     733
     775
     805
     764
     762
     772
     716
     714
     749
     762
     732
     738
     777
     754
     739
     716
     749
     748
     741
     747
     754
     737
     715
     715
     744
     694
     709
     765
     769
     705
     783
     723
     767
     788
     768
     739
     766
     773
     815
     698
     746
     723
     695
     743
     738
     759
     773
     757
     729
     694
     762
     749
     733
     712
     714
     787
     695
     748
     722
     702
     752
     745
     727
     787
     798
     711
     738
     721
     748
     756
     709
     751
     707
     743
     695
     704
     734
     710
     758
     767
     765
     706
     750
     771
     722
     704
     687
     699
     718
     711
     729
     714
     736
     727
     724
     688
     733
     742
     760
     656
     686
     730
     706
     728
     751
     695
     693
     684
     664
     655
     670
     730
     635
     647
     660
     674
     661
     680
     636
     648
     668
     633
     677
     666
     656
     697
     619
     668
     642
     642
     675
     599
     623
     643
     613
     622
     578
     653
     627
     640
     660
     595
     638
     628
     594
     593
     605
     619
     592
     622
     578
     607
     569
     564
     530
     567
     577
     552
     550
     573
     573
     564
     587
     596
     546
     554
     564
     581
     557
     599
     542
     540
     551
     538
     542
     533
     534
     588
     547
     533
     498
     530
     577
     515
     552
     569
     485
     472
     532
     513
     557
     507
     539
     484
     491
     474
     542
     506
     441
     502
     417
     489
     474
     491
     453
     470
     493
     460
     459
     425
     479
     422
     459
     471
     452
     435
     470
     445
     418
     444
     438
     430
     430
     417
     409
     373
     360
     382
     430
     372
     423
     409
     421
     442
     357
     399
     380
     371
     380
     365
     418
     386
     375
     369
     404
     383
     349
     385
     396
     378
     385
     340
     388
     366
     373
     378
     380
     333
     334
     351
     364
     367
     362
     336
     328
     307
     328
     329
     346
     327
     297
     296
     295
     339
     316
     330
     324
     364
     335
     343
     316
     340
     312
     338
     312
     312
     321
     331
     304
     303
     292
     297
     294
     316
     324
     284
     302
     287
     265
     272
     317
     295
     311
     269
     304
     284
     303
     283
     312
     274
     276
     265
     280
     301
     280
     254
     294
     258
     274
     284
     274
     275
     245
     265
     263
     315
     281
     300
     268
     281
     259
     264
     276
     255
     271
     265
     285
     261
     273
     276
     290
     300
     248
     269
     244
     242
     274
     264
     265
     276
     249
     284
     246
     272
     239
     267
     245
     272
     284
     282
     256
     255
     235
     261
     257
     251
     254
     264
     246
     256
     284
     277
     256
     237
     239
     238
     258
     252
     264
     281
     259
     278
     285
     262
     261
     262
     258
     260
     266
     250
     277
     281
     254
     299
     302
     261
     271
     283
     297
     237
     270
     303
     293
     267
     269
     275
     306
     284
     322
     269
     258
     285
     276
     277
     302
     297
     281
     300
     278
     304
     291
     309
     325
     309
     309
     285
     310
     278
     338
     308
     296
     301
     303
     300
     299
     341
     330
     325
     307
     292
     322
     339
     362
     328
     339
     315
     323
     341
     320
     321
     317
     332
     312
     346
     325
     361
     345
     365
     320
     346
     394
     343
     379
     323
     345
     355
     350
     373
     391
     322
     360
     361
     343
     346
     366
     398
     343
     365
     360
     393
     363
     384
     358
     375
     372
     364
     388
     421
     350
     383
     387
     394
     389
     411
     364
     402
     410
     406
     387
     405
     413
     400
     391
     451
     418
     438
     408
     421
     424
     393
     404
     420
     418
     407
     433
     476
     423
     443
     414
     431
     396
     410
     467
     431
     465
     453
     472
     457
     507
     451
     460
     431
     423
     480
     449
     439
     441
     455
     482
     506
     502
     478
     498
     459
     471
     478
     441
     489
     480
     474
     479
     484
     479
     484
     519
     455
     510
     463
     505
     524
     473
     540
     494
     508
     505
     477
     523
     512
     534
     501
     518
     483
     468
     503
     473
     532
     501
     482
     508
     514
     539
     529
     520
     527
     528
     496
     512
     492
     516
     522
     545
     504
     506
     545
     498
     501
     521
     494
     496
     505
     582
     542
     535
     520
     528
     555
     505
     530
     527
     556
     539
     540
     510
     589
     529
     517
     539
     567
     547
     549
     551
     582
     549
     535
     527
     537
     568
     550
     523
     548
     523
     558
     528
     562
     505
     548
     518
     558
     543
     580
     536
     564
     565
     556
     569
     516
     534
     531
     532
     560
     529
     588
     513
     575
     566
     524
     509
     578
     544
     552
     547
     558
     541
     536
     560
     577
     507
     526
     489
     530
     553
     526
     534
     519
     553
     549
     503
     523
     527
     479
     532
     514
     516
     532
     537
     534
     527
     529
     493
     506
     494
     535
     503
     504
     502
     497
     507
     510
     524
     496
     496
     524
     502
     504
     499
     495
     507
     484
     549
     476
     503
     463
     475
     505
     520
     455
     475
     490
     487
     492
     479
     520
     453
     516
     481
     468
     450
     421
     469
     451
     467
     459
     466
     484
     428
     464
     487
     433
     469
     423
     451
     445
     478
     417
     453
     443
     426
     471
     440
     447
     437
     444
     427
     410
     442
     428
     433
     383
     446
     452
     415
     422
     386
     409
     394
     401
     407
     424
     390
     403
     400
     382
     383
     400
     411
     371
     395
     407
     399
     379
     407
     384
     377
     346
     363
     367
     359
     385
     371
     369
     357
     356
     355
     348
     325
     361
     355
     339
     335
     378
     348
     313
     338
     325
     333
     339
     319
     346
     363
     330
     341
     323
     330
     334
     344
     293
     300
     283
     286
     320
     287
     295
     308
     286
     291
     297
     308
     283
     302
     278
     273
     274
     289
     289
     267
     294
     278
     275
     304
     281
     260
     279
     296
     264
     251
     238
     266
     237
     273
     233
     234
     275
     247
     226
     264
     249
     233
     249
     244
     241
     230
     223
     220
     240
     236
     231
     226
     214
     209
     226
     208
     227
     202
     211
     208
     201
     213
     205
     208
     205
     240
     196
     185
     210
     161
     160
     188
     179
     151
     186
     165
     187
     200
     179
     187
     182
     183
     189
     139
     181
     177
     160
     160
     158
     160
     164
     151
     195
     154
     154
     149
     146
     152
     139
     162
     142
     118
     155
     144
     130
     134
     152
     155
     136
     130
     138
     146
     148
     178
     127
     130
     124
     123
     107
     106
     141
     108
     122
     122
     141
      92
     126
     109
     107
     108
     120
     116
      95
     110
     112
     104
     122
      94
      98
     111
     105
      97
     103
     108
      86
     115
      95
      88
      87
      93
      88
      89
      72
      98
      93
      99
      87
      67
      72
      97
      91
      90
      94
      81
      90
      78
      77
      72
      64
      76
      78
      71
      71
      70
      69
      67
      67
      75
      69
      64
      73
      72
      67
      50
      77
      67
      64
      53
      70
      49
      60
      64
      55
      62
      60
      59
      56
      63
      46
      45
      54
      41
      71
      50
      63
      67
      49
      59
      55
      63
      48
      68
      38
      67
      57
      44
      50
      43
      57
      57
      41
      43
      46
      42
      43
      37
      47
      48
      52
      39
      47
      45
      54
      39
      26
      44
      41
      33
      33
      34
      41
      29
      34
      37
      40
      52
      40
      35
      25
      36
      42
      40
      38
      25
      26
      39
      36
      38
      36
      32
      29
      42
      37
      30
      30
      40
      34
      27
      23
      26
      26
      32
      37
      34
      24
      36
      19
      26
      18
      33
      29
      23
      30
      17
      26
      22
      20
      25
      25
      24
      18
      25
      25
      24
      19
      26
      32
      19
      20
      13
      18
      11
      19
      20
      16
      16
      23
      24
      25
      20
      18
      19
      20
      19
      24
      25
      15
      17
      22
      24
      18
      16
      15
      21
      22
      12
      17
      20
      13
      16
      12
      23
      13
      17
      17
      16
      13
      23
      12
      14
      24
      19
      15
      17
      17
      13
      20
      14
      16
      20
      23
      16
      15
      17
      10
      18
      17
      23
      13
      18
      19
      21
      12
      18
      16
      12
      12
      17
      13
      16
      11
      24
      12
      13
      14
      13
      19
      15
      10
      14
       7
       8
      13
      11
      11
      17
      18
      18
       7
      13
      13
      13
      10
      17
      11
      14
      12
      12
      18
      19
      19
      16
      11
      10
      19
      12
      11
      17
      13
      12
      13
      17
      12
       8
      10
       9
      12
       7
      10
       8
       9
      19
      13
      13
      15
      14
       8
      13
      10
      18
       7
      12
      15
      12
      12
       8
       9
      12
      12
       9
      10
       4
      14
       6
       6
       5
      16
      11
       8
      14
      10
      13
       9
      13
      10
      12
      11
      15
       8
       7
      15
       8
      15
       7
      15
      10
      12
      12
      14
      12
       3
      14
       7
      14
       9
      11
       6
      10
      11
      14
      10
      15
      15
      11
      14
      13
       9
      14
       5
       5
      13
       7
      13
       7
       7
      12
      13
      11
      12
      12
       8
       7
      14
       8
      11
      11
       6
      10
      10
       7
       9
       7
       8
       9
       6
       4
       6
      17
      14
       6
      13
      12
      12
       6
      10
       9
       4
       8
       8
      10
       7
      13
      11
      11
       9
       9
      11
       5
       7
      13
      17
       8
      12
      10
       7
      11
      12
      10
      11
      12
       5
      10
       7
      14
       6
       8
      10
       6
       7
       6
       6
      12
       4
       8
       7
      12
      16
      10
      11
       8
      12
       8
      10
       6
      10
       5
       5
       8
       8
       3
       9
       7
       6
      16
       8
       7
      11
       9
      11
      10
      11
       6
       7
       5
      12
      15
       6
       7
      11
       8
      13
       8
      10
       9
       6
      11
      12
      11
      10
       6
       7
      10
       5
       9
      10
      12
       3
       8
      12
       8
       3
       9
      16
      10
       9
       9
       5
       8
       7
       7
       5
       7
       6
       7
       8
       7
       6
      11
       4
       7
       7
      11
       8
       9
      12
      13
       8
       8
       9
      10
       6
       8
       6
       8
       7
       4
      11
       4
      12
       7
       6
       7
       3
       7
       6
      10
       9
       9
       5
       6
      14
       5
       8
       8
       4
       8
      10
      11
       9
       6
       9
      10
      11
      10
       6
       5
      12
       6
      10
      10
       3
       9
       4
       7
       7
       9
       7
       6
      11
       5
      10
       7
       5
       7
       6
      11
      15
       5
       7
       6
       7
      12
       8
      14
       6
       7
       5
       4
       5
       5
       8
      14
       7
       6
       1
       6
       7
      11
       9
       7
      11
       3
       7
       5
      10
      10
      11
       7
       8
       3
      10
      11
       6
       7
      10
       2
       8
       5
       5
       7
       4
       5
      10
       7
       5
       5
       8
       6
       5
       9
       5
       7
      12
       4
       6
       5
       9
       7
       6
       3
       9
       9
      10
       7
      11
       3
       7
      11
       7
       9
       8
       8
       9
      12
       7
       4
       8
       7
       6
       5
       6
       8
      10
      11
       6
      10
       6
      10
      11
       8
       5
      11
       7
       9
      16
      11
       9
       4
       6
       7
       7
       4
       4
       7
       7
       6
       5
       8
       7
       4
       5
       6
       7
       4
       5
       9
       7
       7
       9
       4
       8
       7
       8
      11
      10
       5
      10
       5
       8
       6
       6
       6
       7
       9
      10
       6
       6
       6
       7
       8
      10
       1
       9
       3
      13
      12
       4
       5
      11
       8
       6
       7
       5
       8
       8
       4
      11
      14
       8
       8
       5
       4
       4
       5
      10
       8
       3
      13
       6
       8
       8
       2
       5
       3
       9
       3
       6
       9
       8
       6
       8
      13
       8
       9
       6
       4
       4
       8
      12
       9
       7
      12
       5
       4
      10
       7
       4
       4
       7
       9
       9
       5
       9
       6
       6
      10
       6
       8
       3
       8
       3
       3
       6
       6
       4
      11
       9
       5
       6
       6
       9
       8
       9
       2
       9
       5
       4
      13
      11
       7
       7
      10
       5
       4
      11
       6
      11
       8
       9
      12
      13
       8
       7
       7
       4
       6
       7
       3
       6
       8
       9
       8
       8
       3
      12
       5
       6
       2
      11
       6
       5
      10
       5
       3
       9
       4
       6
       4
       7
       4
       9
       9
       9
       3
       5
       7
      14
       4
       7
       9
       7
       5
       5
       6
       5
       8
       2
       7
       5
       9
       6
      10
       5
       5
       7
       5
      11
       6
       5
      13
       7
       4
       4
       6
       5
       4
       4
       3
       6
       8
       4
       5
       7
       9
       5
      12
       3
       4
       3
       3
       9
       5
      11
       3
       5
       8
       8
       8
       6
       7
       4
       8
       8
       5
       0
       8
       7
       9
      11
       6
       7
       5
       7
       9
       7
      12
       6
       6
       5
       6
       6
       8
       7
       9
       3
       7
       8
       9
       6
       7
       5
       4
       9
       9
       5
      11
       9
       6
      10
       5
       6
       3
       4
      14
       5
       5
       8
       6
       6
       4
       8
       6
       5
       7
       6
       6
       6
       8
       9
       9
       6
       6
       8
       2
       4
       5
       5
       5
       5
      13
       9
       2
       3
       7
       2
       7
       8
      10
       8
       4
       6
       5
       3
       6
       7
       6
       5
       4
       6
       8
       8
       6
      11
       3
       4
      13
       7
       8
       8
       4
       9
       8
       5
       4
       3
       4
       9
       5
       6
       9
       8
       6
       5
       5
       6
       4
       5
       9
       6
       7
       5
       9
       3
       6
       3
       7
       8
       2
       7
       4
       5
       5
       8
       7
      12
       5
       4
       5
       7
       7
       4
       6
       5
       5
       6
       5
       9
       8
       7
       4
       9
       4
       3
      11
       9
       2
      12
       3
       7
       6
       5
       2
       4
       2
       5
       1
       6
       5
       3
       6
       7
       3
       3
       4
       7
      11
      11
       5
       5
       5
       8
       4
       5
       5
       4
       6
       7
      10
       6
       3
       0
       7
       7
       3
       6
       6
       6
       5
       1
       8
       6
       5
       3
       8
       6
       7
       7
      10
       6
       6
       8
      12
       7
       6
       7
       4
       4
       8
       9
       9
       6
       4
       4
       9
       8
       8
       4
       5
       4
       8
       5
       5
       5
      11
       5
       9
       8
       4
       6
       8
       8
       5
       3
       5
      10
       4
       3
       5
       5
       7
       4
       7
       5
       3
       4
       4
       6
       3
       6
       2
       4
       5
       4
       4
       9
       6
       4
       6
       9
       2
       5
       8
       3
       8
       8
       5
       5
       5
       7
       9
       8
       6
       6
       7
       6
       4
       7
       3
       7
       6
       2
       5
       5
       4
       4
       1
       4
       4
       6
       4
       4
       5
       9
       6
       3
       5
       5
       4
       8
       6
       8
       3
       1
       6
       8
       9
       4
       1
       5
       7
       4
       4
       6
       7
       5
       9
       4
       5
      10
       3
       8
       2
       4
       2
       6
       3
       5
      10
       6
       4
       5
       4
       6
       5
       4
       2
       4
       7
       4
       5
       7
       8
       5
       6
       9
       9
       3
       5
      11
       8
       8
       4
       9
       3
       6
       2
       2
       6
       6
       3
       8
       4
       5
       4
       4
       9
       7
       5
       5
       6
       5
       7
       3
       8
      10
       9
       9
       0
       4
       4
       5
       5
       3
       7
       7
       5
       4
       7
       4
       5
       2
       1
       6
       6
       5
       4
       4
      11
      11
       4
       8
       4
      10
       9
       4
       2
      12
       8
       5
       3
      10
       6
       3
       4
       4
       4
       1
       6
       4
       3
       4
       4
       4
       3
       4
       3
       6
       4
       7
       6
       6
       7
       8
       4
       3
       5
       6
       2
       4
       6
       5
       4
       8
       1
       8
       3
       3
       5
       3
       8
       8
       5
       5
       3
       5
       5
       5
       3
       1
       5
       4
       4
       4
       6
       8
       3
       3
       5
       2
       7
       6
       8
       7
       1
      10
       5
       3
       8
       3
       6
       3
       5
       6
       4
       7
       5
       5
       4
       3
       4
       3
       3
      10
       7
       5
       4
       9
       5
       6
       3
       3
       9
       7
       3
       5
       6
       9
       5
       4
      10
       9
       5
       2
       7
       6
       7
       5
       5
       2
       8
       5
      12
       4
       4
       9
       7
       5
       5
       5
       6
       6
       5
       4
       2
       7
       5
       5
       7
       6
       3
       3
       6
       4
       7
       2
       5
       7
       1
       8
       4
       2
       5
       6
       3
       6
       3
       4
       1
       5
       7
       5
       3
       6
       7
       4
       2
       3
       9
       2
       3
       6
       2
       5
       6
       5
       6
       3
       5
       3
       6
       3
       2
       3
       5
       4
       5
       6
       3
       2
       9
       5
       5
       5
       3
       7
       7
       6
       4
       6
       6
       9
       7
       3
       3
       5
       3
       1
       9
       3
       6
       3
       5
       4
       6
       4
       6
       8
       7
       4
       5
       5
       5
       7
       6
       5
       4
       5
       4
       5
       6
       7
       5
       5
       8
       5
       4
       7
       4
       4
       6
       3
       5
       6
       4
       7
       4
       7
       4
       5
       7
       6
       4
       6
       6
       7
       5
       5
       1
       2
       2
       2
       2
       4
       3
       4
       3
       5
       6
       6
       3
       1
       4
       5
       7
       7
       8
       1
       3
      10
       3
       4
       5
       7
       4
       3
       4
       7
       5
       6
       5
       3
       5
       3
       4
       5
       1
       4
       5
       7
       4
       1
       5
       3
       3
       9
       4
       4
       2
       4
       1
       5
       5
       4
       6
       6
       4
       7
       5
       3
       5
       4
       3
       2
       2
       9
       3
       4
       2
       4
       3
       0
       7
       6
       3
       6
       2
       6
       6
       3
       5
       6
       9
       2
       4
       6
       3
       3
       5
       5
       5
       5
       5
       5
       4
       1
       2
       5
       4
       4
       5
       0
       7
       5
       2
       8
       6
       7
       3
       6
       4
       8
       6
       3
       1
       4
       7
       5
       9
       5
       5
       5
       6
       1
      11
       4
       4
       6
       5
       7
       3
       5
       4
       4
       4
       4
       6
       3
       9
       4
       6
       7
       2
       2
       3
       6
       1
       0
       3
       6
       4
       8
       2
       8
       6
       5
       6
       8
       2
       8
       1
       2
       3
       5
       4
       6
       9
       3
       4
       5
       3
       3
       3
       3
       2
       4
       4
       6
       6
       3
       4
       5
       7
       2
       7
       2
       3
       2
       2
       3
       7
       5
       6
       6
       1
       2
       3
       6
       9
       5
       8
       6
       7
       3
       4
       3
       3
       0
       5
       3
       1
       2
       4
       7
       6
       2
       7
       8
       4
       5
       1
       6
       2
       4
       5
       7
       2
       2
       4
       4
       8
       6
       6
       3
       4
       0
       3
       5
       5
       2
       4
       3
       6
       9
       5
       2
       2
       3
       5
       7
       5
       3
       3
       4
       4
       5
       6
       3
       4
       2
      10
       3
       3
       2
       3
       2
       4
       3
       6
       4
       4
       3
       7
       7
       4
       7
       3
       5
       8
       2
       3
       3
       3
       5
       2
       3
       6
       7
       3
       2
       4
       6
       3
       5
       2
       4
       6
       7
       6
       5
       1
       1
       4
       9
       4
       2
       1
       3
       3
       4
       8
       2
       4
       3
       1
       2
       1
       3
       2
       5
       2
       1
       6
       4
       4
       4
       4
       2
       5
       1
       1
       2
       3
       5
       5
       6
       5
       6
       3
       7
       5
       4
       4
       4
       3
       2
       5
       5
       5
       5
       1
       6
       3
       2
       1
       1
       6
       1
       4
       1
       5
       5
       5
       2
       4
       4
       7
      11
       3
       6
       7
       6
       3
       5
       3
       4
       4
       4
       5
       4
       5
       4
       4
       3
       7
       4
       3
       1
       2
       2
       4
       5
      10
       1
       1
       5
       5
       3
       4
       2
       3
       1
       7
       3
       4
       4
       1
       6
       6
       4
       4
       0
       4
       7
       4
       6
       8
       5
       2
       3
       6
       6
       1
       5
       4
       8
       6
       5
       7
       3
       5
       2
       2
       7
       4
       5
      10
       6
       6
       6
       8
       4
       5
       5
       5
       3
       1
       3
       2
       7
       2
       5
       4
       1
       4
       3
       4
       5
       2
       4
       2
       6
       5
       7
       5
       3
       5
       3
       7
       5
       8
       9
       6
       5
       5
       6
       5
       6
       5
       2
       7
       6
       2
       3
       4
       4
       6
       3
       2
       6
       8
       2
       7
       6
       4
       3
       2
       7
       3
       2
       3
       6
       4
       3
       2
       3
       2
       7
       4
       4
       3
       2
       6
       4
       5
       4
       4
       5
       5
       6
      11
      11
       6
       5
       3
       3
       4
       4
       6
       9
       7
       7
       2
       5
       8
       6
       8
       3
       1
       8
       4
       4
       6
       7
       1
       3
       4
       7
       0
       7
       6
       2
       7
       7
       6
       6
       4
       1
      10
       5
       6
       5
       4
       2
       0
       3
       6
       5
       4
       7
       4
       5
       4
       3
       6
       8
       5
       5
       3
       5
       5
       7
       8
       2
       5
       3
       2
       7
       3
       3
       3
       7
      10
       3
       6
       9
       6
       3
       5
       5
       7
       8
       7
       6
       6
       2
       7
       4
       1
       4
       3
       2
       0
       8
       5
       8
       5
       2
      12
       2
       5
       5
       7
       1
       5
       1
       1
       3
       6
       7
       5
       2
       9
       4
       8
       6
       5
       4
       4
       8
       1
       3
       2
       5
       9
       9
       4
       4
      10
       5
       7
       0
       8
       0
       6
       5
       6
       7
       3
       6
       7
       4
       5
       5
       6
       8
       4
       3
       6
       6
       4
       7
       3
       6
       4
       6
       7
       5
       2
       2
       8
       8
       7
       8
       5
       6
       3
       3
       3
       9
       6
       5
       2
       7
       3
       5
       7
       7
       6
       3
      10
       8
       4
       6
       4
       6
       6
       2
       5
       4
       4
       5
       4
       5
       4
       6
       3
       6
       4
       0
       2
       3
       8
       3
       5
       8
       8
       8
       4
       9
       2
       4
       5
       5
       4
       0
       4
       5
       6
       3
       6
       2
       3
       3
       5
       7
       6
       6
       8
       1
       7
       3
       5
       8
       9
       1
       3
       8
       2
       8
       3
       6
       7
       3
       5
       4
       8
       7
       3
       0
       6
       3
      12
       5
       4
       7
      12
       4
       0
       4
       4
       2
       3
       2
       8
       6
       6
       8
       6
       5
       6
       4
       5
       6
       5
       5
       5
       1
       2
       8
       8
       3
       5
       1
      10
       8
       6
       8
       3
       2
       5
       3
       2
       4
       4
       7
       1
       3
       7
       4
       7
       2
       2
       8
       6
       4
       5
       7
       8
       3
       5
       5
       8
       5
       7
       7
       6
       6
       5
       4
       4
      11
       4
       2
       3
       3
       5
       4
       3
       8
       7
       7
       3
       2
       5
       5
       2
       6
       2
       7
       8
       5
       8
       2
       4
       3
       4
       3
       7
       4
       6
       4
       4
       9
       7
       4
       9
       3
       2
       4
       7
       7
       3
       6
       6
       3
       7
       4
       9
       7
       4
       9
       4
       9
       6
       8
       1
       5
       2
       6
       2
       6
       4
       7
       7
       8
       3
       3
       3
       6
       4
       3
       3
       7
       3
       8
       3
       3
       4
       4
       9
      10
       5
       5
       4
       5
       5
      10
       3
       9
       7
      10
       4
       3
       4
       6
       4
       5
       8
       8
       3
       6
       5
       5
       8
       8
       2
       5
       7
       2
       9
       8
       6
       3
       3
       3
       6
       6
       3
       4
       3
       8
       4
       5
       4
       3
       6
       4
       5
       5
       5
      12
       6
       5
       6
       4
       7
       8
       6
       7
       4
       7
       5
       7
       4
      13
       8
       7
      11
      13
       7
      14
       8
       8
       8
      13
       9
       9
      14
       9
       8
       7
       8
       5
       9
       9
       7
      13
       5
       3
      13
       4
       7
       9
       8
       5
      14
       5
       3
       9
       5
       5
       8
       3
       7
       8
       7
       7
       7
       6
       6
       5
       3
      11
       7
      11
       8
       5
       9
       8
       5
       4
       7
       6
       8
      11
       6
       4
       7
       6
       8
       9
       6
       4
       6
       4
       5
       4
       4
       5
       5
       5
       1
       5
       6
       1
       3
       6
       2
       9
       4
       5
       1
       4
       4
       5
       2
       2
       3
       2
       0
       2
       3
       5
       1
       4
       6
       2
       1
       3
       1
       1
       0
       2
       2
       0
       3
       3
       1
       3
       3
       2
       3
       1
       2
       1
       4
       2
       1
       3
       0
       1
       1
       2
       1
       2
       2
       1
       0
       1
       0
       1
       3
       1
       1
       2
       2
       1
       2
       1
       2
       0
       0
       2
       1
       1
       2
       0
       1
       2
       2
       2
       0
       1
       2
       3
       1
       0
       0
       0
       4
       1
       0
       1
       0
       1
       2
       0
       1
       2
       1
       0
       1
       3
       3
       1
       2
       1
       2
$ROI:
1
1522 2650
$PRESETS:
Integral
504001
0
$ENER_FIT:
0.000000 0.253724
$MCA_CAL:
3
0.000000E+000 2.537239E-001 0.000000E+000 keV
$SHAPE_CAL:
3
0.000000E+000 0.000000E+000 0.000000E+000
